x	y	z
20	20	20
18.8508	20.0841	20.5442
18.8508	20.0841	20.5442
18.8441	20.1637	20.875
19.1039	20.5153	19.3927
19.0982	20.295	19.812
18.1172	19.8056	21.1714
16.6487	19.3657	21.3145
16.6487	19.3657	21.3145
16.6487	19.3657	21.3145
16.6912	18.8955	20.411
17.5674	18.9707	20.562
16.4067	18.9627	17.8737
16.6953	17.0561	18.2223
16.8414	16.6049	18.1298
16.3216	16.219	18.2892
15.9052	14.9569	18.1145
16.1449	14.6133	18.7216
15.4487	16.0524	17.4538
15.3484	15.7632	15.9432
15.3062	16.2229	14.8013
13.5656	16.1863	15.5352
14.0198	15.4272	14.6259
15.0116	14.4988	14.4279
15.2291	15.4209	14.1405
15.1615	15.6234	13.7413
14.235	15.9619	13.332
14.5316	14.7593	13.8249
13.6597	16.037	13.6463
13.8475	15.6204	13.7045
13.4835	15.2729	12.9114
12.4771	15.404	11.5947
11.7529	15.0255	13.2284
11.7529	15.0255	13.2284
10.8857	13.5853	15.1595
9.69667	13.5078	15.3033
9.69667	13.5078	15.3033
10.1075	13.4035	15.1621
9.47957	13.2778	14.4945
9.24769	11.6012	14.3535
9.04199	12.0215	13.9073
9.71016	12.045	13.2998
9.62519	12.1165	13.614
8.71466	12.9393	13.009
8.71466	12.9393	13.009
6.82073	13.0158	12.3488
7.11898	11.7268	12.6211
7.11898	11.7268	12.6211
6.69634	12.0485	13.8787
6.60041	11.8938	12.5909
6.14937	12.0587	12.9579
6.04335	11.1797	12.5969
7.02698	10.8593	11.8951
7.02698	10.8593	11.8951
7.24641	11.2225	10.9532
7.22009	11.57	10.768
7.22009	11.57	10.768
7.66346	10.415	11.1221
7.66346	10.415	11.1221
7.40992	10.6587	10.8072
7.40992	10.6587	10.8072
6.71415	10.4133	9.97142
5.86402	9.7359	9.78958
5.17111	10.0003	8.71675
5.17111	10.0003	8.71675
5.22494	10.2517	8.16952
5.22494	10.2517	8.16952
5.22494	10.2517	8.16952
4.7603	10.1396	8.22914
4.30183	9.62153	7.5276
4.30183	9.62153	7.5276
4.32005	9.87587	6.168
4.15212	9.31119	5.07396
4.15212	9.31119	5.07396
3.30573	9.53068	5.84258
3.11034	8.33057	6.46827
3.4979	7.40409	6.45729
4.7297	7.5908	6.36169
4.7297	7.5908	6.36169
4.59573	6.99531	7.25946
4.59573	6.99531	7.25946
4.27718	7.01047	7.37387
4.27718	7.01047	7.37387
4.27718	7.01047	7.37387
4.11696	7.24439	6.85709
4.11696	7.24439	6.85709
4.11696	7.24439	6.85709
2.97112	7.42308	5.29355
3.96372	6.92817	4.46164
3.84329	6.5763	4.23388
3.3175	5.56439	3.96664
3.20484	6.3126	3.98644
3.76242	6.002	3.12062
3.76242	6.002	3.12062
3.13306	5.58157	3.85455
2.38373	5.28178	3.80103
2.09342	4.99435	2.91211
2.74306	3.29662	3.54814
2.74306	3.29662	3.54814
2.74306	3.29662	3.54814
1.79392	3.61426	2.40733
1.79392	3.61426	2.40733
1.758	2.26655	1.97505
1.758	2.26655	1.97505
1.96629	1.25288	2.37713
0.933764	0.687669	2.78638
1.52146	1.51876	2.18016
1.52146	1.51876	2.18016
2.18945	1.01232	2.18645
1.40292	1.72696	1.9978
1.39827	2.0409	1.48233
1.39827	2.0409	1.48233
1.04925	1.28974	3.10747
1.58168	2.01359	2.53691
1.05476	3.1279	1.69791
1.05476	3.1279	1.69791
1.05476	3.1279	1.69791
0.766851	2.84229	1.55368
0.716227	2.38722	0.905098
0.716227	2.38722	0.905098
0.967602	2.30807	0.0457079
0.967602	2.30807	0.0457079
0.967602	2.30807	0.0457079
0.571699	2.32711	0.315259
1.2232	1.07083	0.015797
-0.0650458	1.30355	-0.969412
-0.0650458	1.30355	-0.969412
-0.485359	1.49265	0.0159386
-0.616658	1.30312	0.0776662
-0.616658	1.30312	0.0776662
-0.682005	-0.513813	-0.408943
-0.682005	-0.513813	-0.408943
-0.682005	-0.513813	-0.408943
0.00368098	-0.408285	0.502805
0.00368098	-0.408285	0.502805
0.445676	-0.41475	0.0173845
0.445676	-0.41475	0.0173845
1.09668	-1.36867	0.286753
1.51471	-0.887243	1.65371
1.51471	-0.887243	1.65371
1.17962	-0.21999	1.57263
0.270938	-0.144869	1.01649
1.41539	0.284059	1.21089
1.54129	0.463732	0.711389
1.54129	0.463732	0.711389
1.97341	1.28043	0.708479
0.847179	1.87848	0.236699
0.847179	1.87848	0.236699
0.434014	0.285123	0.763103
0.434014	0.285123	0.763103
0.434014	0.285123	0.763103
0.434014	0.285123	0.763103
0.434014	0.285123	0.763103
0.474577	0.794736	0.62368
-0.400274	1.8331	0.625934
0.447154	-0.0534431	1.19369
0.447154	-0.0534431	1.19369
1.30944	0.294478	0.134181
1.30944	0.294478	0.134181
1.1547	1.08572	0.784266
0.893579	0.77253	1.57703
0.893579	0.77253	1.57703
0.638096	0.491988	1.38241
0.638096	0.491988	1.38241
-0.15853	0.630513	1.41374
-0.15853	0.630513	1.41374
-0.561693	0.0196464	0.885831
-0.561693	0.0196464	0.885831
-0.494902	-0.360238	0.580704
0.470896	0.275468	1.06045
0.470896	0.275468	1.06045
0.470896	0.275468	1.06045
0.442346	0.869033	0.75195
-0.0451034	1.14618	-0.0983471
-0.0451034	1.14618	-0.0983471
0.580639	1.29056	-0.181402
0.580639	1.29056	-0.181402
1.36731	1.56193	0.231513
0.0679317	2.28294	-0.560998
1.58092	2.59191	-0.0982559
1.58092	2.59191	-0.0982559
1.65378	1.70596	-0.975566
1.83979	1.84811	0.19579
2.55598	1.12721	0.1241
2.55598	1.12721	0.1241
2.83458	1.16021	-1.16108
2.83458	1.16021	-1.16108
2.8097	-0.711607	-1.51763
1.70071	-0.433226	-0.156619
1.70071	-0.433226	-0.156619
1.19821	-0.419686	-0.429675
0.62578	0.584992	-0.467143
-0.416821	0.703484	0.243296
-0.416821	0.703484	0.243296
-1.06298	0.828663	-0.769013
-0.762248	0.436354	-1.40825
-0.910239	0.107052	-0.195342
-1.64214	-0.742058	0.646011
-1.1928	-1.00375	1.93311
-1.1928	-1.00375	1.93311
-0.931303	-1.26142	2.19067
-1.57504	-1.10837	1.63896
-1.57504	-1.10837	1.63896
-1.57504	-1.10837	1.63896
-1.90733	-0.498515	0.795193
-1.90733	-0.498515	0.795193
-1.90733	-0.498515	0.795193
-1.90733	-0.498515	0.795193
-1.90733	-0.498515	0.795193
-1.90733	-0.498515	0.795193
-1.56014	0.334133	0.0371575
-1.56014	0.334133	0.0371575
-1.56014	0.334133	0.0371575
-1.56014	0.334133	0.0371575
-1.16742	-0.409993	0.497158
-1.16742	-0.409993	0.497158
-1.16742	-0.409993	0.497158
-1.16742	-0.409993	0.497158
-1.21154	0.302981	0.0950023
-1.16992	0.628874	-0.416431
-0.0360782	1.90976	-0.322294
-0.0360782	1.90976	-0.322294
1.46962	1.27848	0.895672
1.46962	1.27848	0.895672
1.46962	1.27848	0.895672
1.46962	1.27848	0.895672
1.46962	1.27848	0.895672
2.63976	0.412179	1.40829
3.0909	0.502149	-0.169076
3.6343	1.21617	-0.38909
2.9379	2.07021	-0.711192
2.94368	2.84514	0.413853
2.24414	3.23564	0.617731
2.24414	3.23564	0.617731
1.24938	1.99319	0.462999
1.4988	1.97181	1.32749
1.4988	1.97181	1.32749
0.559619	2.09734	1.91437
0.623055	1.79658	2.18648
0.455995	1.21343	1.96199
0.455995	1.21343	1.96199
0.881014	1.91502	0.821286
0.881014	1.91502	0.821286
1.14749	1.61027	-0.453375
1.14749	1.61027	-0.453375
1.21153	1.81651	-1.32042
1.30513	1.51201	-1.34328
1.40832	1.53667	-1.61428
0.319573	0.0702183	-2.17339
0.825	-0.637766	-1.2659
-0.371982	-0.647343	-1.01426
-0.371982	-0.647343	-1.01426
0.0184309	-0.99422	-0.335975
0.0184309	-0.99422	-0.335975
0.0184309	-0.99422	-0.335975
0.0184309	-0.99422	-0.335975
0.0205954	-0.893025	0.175237
0.0205954	-0.893025	0.175237
0.0205954	-0.893025	0.175237
0.0205954	-0.893025	0.175237
1.10056	-0.722517	0.503306
0.435844	-0.81762	-1.4944
1.20651	-1.30858	-0.575825
0.939515	-0.995823	-0.24388
1.20383	0.433464	-0.907702
1.20383	0.433464	-0.907702
1.27727	0.492817	-0.343337
-0.0568027	0.308854	-0.148401
-0.0568027	0.308854	-0.148401
0.552381	-0.323088	-0.303265
-0.0883202	-0.120121	0.467303
-0.0883202	-0.120121	0.467303
-0.0883202	-0.120121	0.467303
-0.0216673	-1.00455	0.718732
-0.0216673	-1.00455	0.718732
0.492088	-0.932826	0.698592
0.492088	-0.932826	0.698592
0.492088	-0.932826	0.698592
0.492088	-0.932826	0.698592
0.492088	-0.932826	0.698592
0.492088	-0.932826	0.698592
-0.67068	0.808129	-0.389112
-0.67068	0.808129	-0.389112
-0.67068	0.808129	-0.389112
-0.67068	0.808129	-0.389112
-0.67068	0.808129	-0.389112
-0.67068	0.808129	-0.389112
0.73506	-0.0428646	-1.27531
1.6315	0.763196	-0.148647
1.6315	0.763196	-0.148647
1.6315	0.763196	-0.148647
1.6315	0.763196	-0.148647
1.6315	0.763196	-0.148647
1.6315	0.763196	-0.148647
1.51767	0.346446	-0.0787003
1.27273	-0.123219	-1.57268
-0.0701279	-0.570987	-1.57725
-0.589478	-0.4406	-0.848878
-0.589478	-0.4406	-0.848878
-0.589478	-0.4406	-0.848878
-0.200977	0.0777288	-0.47374
0.515063	0.139976	-0.577262
0.515063	0.139976	-0.577262
0.515063	0.139976	-0.577262
-0.123538	-0.757188	-0.421043
0.213831	-0.83102	0.551473
0.21167	-1.93545	1.13167
0.786156	-1.89101	-0.0183616
0.786156	-1.89101	-0.0183616
1.3476	-1.40626	0.278204
1.3476	-1.40626	0.278204
1.3476	-1.40626	0.278204
1.78062	-0.519854	-1.16479
1.78062	-0.519854	-1.16479
1.78062	-0.519854	-1.16479
1.17021	-0.471505	-0.823174
1.57149	0.132394	0.0229013
1.57149	0.132394	0.0229013
1.57149	0.132394	0.0229013
1.29115	-0.0245908	0.248703
2.63044	0.977377	0.345507
3.10087	0.834381	-0.1834
2.58749	0.607101	-1.24276
2.58749	0.607101	-1.24276
2.97114	1.51695	-1.49011
3.00869	0.221146	-0.0926389
2.93671	-1.50547	0.161191
2.93671	-1.50547	0.161191
2.91942	-1.42243	0.960736
2.91942	-1.42243	0.960736
2.91942	-1.42243	0.960736
5.03138	-1.45733	-0.247962
5.03138	-1.45733	-0.247962
3.71845	-1.18904	0.360692
3.71845	-1.18904	0.360692
4.22514	-1.38462	0.74148
3.73541	-2.35557	-0.0883073
3.73541	-2.35557	-0.0883073
3.41695	-1.89034	-0.195065
3.41695	-1.89034	-0.195065
3.41695	-1.89034	-0.195065
3.35891	-1.5761	0.45193
2.57454	-0.844881	0.0224431
2.57454	-0.844881	0.0224431
2.57454	-0.844881	0.0224431
2.57454	-0.844881	0.0224431
2.57454	-0.844881	0.0224431
2.30156	-1.39388	0.659554
0.934387	-1.40708	-0.318454
0.262928	-1.08435	-1.38666
0.262928	-1.08435	-1.38666
0.262928	-1.08435	-1.38666
0.262928	-1.08435	-1.38666
0.262928	-1.08435	-1.38666
0.262928	-1.08435	-1.38666
0.262928	-1.08435	-1.38666
-0.471471	0.00745116	-1.5619
-0.877084	0.4794	-1.86246
-0.877084	0.4794	-1.86246
-0.877084	0.4794	-1.86246
-0.877084	0.4794	-1.86246
-1.0913	1.08506	-1.47275
-0.929193	0.735377	-1.62091
-0.929193	0.735377	-1.62091
-1.18341	-0.336246	-1.40583
-1.09057	-0.829877	-0.995006
-1.09057	-0.829877	-0.995006
0.121444	-1.27042	-0.534387
0.121444	-1.27042	-0.534387
0.121444	-1.27042	-0.534387
0.279667	-0.626495	-0.711863
0.279667	-0.626495	-0.711863
-0.591398	-0.516285	-0.810621
-0.830095	-0.512557	-0.668299
-1.56989	-0.475033	-0.284453
-1.56989	-0.475033	-0.284453
-1.56989	-0.475033	-0.284453
-2.19757	0.0698711	-0.74205
-0.964616	0.850945	-1.11428
-0.964616	0.850945	-1.11428
-0.964616	0.850945	-1.11428
-0.194621	0.392871	0.0741454
-0.194621	0.392871	0.0741454
-0.0098429	0.181334	0.267085
-0.0098429	0.181334	0.267085
-0.0098429	0.181334	0.267085
-0.0098429	0.181334	0.267085
-0.0098429	0.181334	0.267085
-0.0098429	0.181334	0.267085
-0.0098429	0.181334	0.267085
-0.0098429	0.181334	0.267085
-0.0098429	0.181334	0.267085
0.018989	-0.275423	-0.602416
-1.63525	-0.708332	0.658162
-2.93472	-0.124007	0.471975
-2.06681	0.0356261	0.708792
-2.0957	-0.559258	1.16217
-2.15164	-0.221981	1.73786
-1.97406	0.133768	1.70725
-1.97406	0.133768	1.70725
-2.98971	0.284378	1.31342
-2.76083	0.720405	1.18744
-2.76083	0.720405	1.18744
-2.39364	2.20687	1.26583
-2.43233	0.819147	1.59343
-2.64403	0.0557123	1.12881
-2.64403	0.0557123	1.12881
-2.64403	0.0557123	1.12881
-2.64403	0.0557123	1.12881
-1.69877	0.940982	1.40609
-2.01006	1.67707	0.515238
-0.693206	1.3901	1.29758
-0.693206	1.3901	1.29758
-0.651588	0.715794	1.84327
-0.651588	0.715794	1.84327
-0.590363	0.767498	0.327542
0.241579	1.22692	0.158108
0.619581	1.02714	0.222835
0.731292	0.774534	0.385001
0.923904	0.855864	1.23358
0.923904	0.855864	1.23358
0.776199	0.486502	0.728047
1.21711	1.42182	0.502794
1.21711	1.42182	0.502794
1.21711	1.42182	0.502794
1.21711	1.42182	0.502794
1.21711	1.42182	0.502794
1.64606	0.162925	0.92469
1.64606	0.162925	0.92469
1.64606	0.162925	0.92469
0.947776	-0.792209	1.58556
0.873191	-1.46393	1.5034
0.586818	-1.22607	2.32773
0.515562	-0.163382	1.26574
-0.946734	0.366967	0.645464
-0.946734	0.366967	0.645464
-0.946734	0.366967	0.645464
0.339523	0.610333	0.375807
0.339523	0.610333	0.375807
0.339523	0.610333	0.375807
-0.569343	-0.788619	0.663295
-0.569343	-0.788619	0.663295
-0.281666	-0.627415	0.260793
-0.281666	-0.627415	0.260793
-0.281666	-0.627415	0.260793
-0.281666	-0.627415	0.260793
0.0956899	-0.364238	0.259964
0.0956899	-0.364238	0.259964
0.0956899	-0.364238	0.259964
0.0956899	-0.364238	0.259964
0.0956899	-0.364238	0.259964
0.0956899	-0.364238	0.259964
0.0956899	-0.364238	0.259964
-0.484966	0.169294	0.493761
-0.484966	0.169294	0.493761
-0.484966	0.169294	0.493761
-0.484966	0.169294	0.493761
-0.484966	0.169294	0.493761
-0.484966	0.169294	0.493761
-0.484966	0.169294	0.493761
-0.0232273	-0.0814545	1.2309
0.296481	-0.997554	1.07884
0.296481	-0.997554	1.07884
0.296481	-0.997554	1.07884
0.296481	-0.997554	1.07884
0.296481	-0.997554	1.07884
0.296481	-0.997554	1.07884
0.559742	-0.482795	-0.153554
0.559742	-0.482795	-0.153554
-0.197123	-0.787457	0.0606361
-0.197123	-0.787457	0.0606361
-0.197123	-0.787457	0.0606361
-0.197123	-0.787457	0.0606361
-0.197123	-0.787457	0.0606361
-0.197123	-0.787457	0.0606361
-0.430641	-1.32826	-0.289018
0.112176	-1.91356	-1.11449
-0.809924	-1.49551	-2.95889
-0.809924	-1.49551	-2.95889
-0.854458	-2.32774	-2.03623
-0.957704	-1.88606	-1.32131
-1.01632	-0.403265	-1.32713
-0.688751	-0.687211	-1.00018
-0.688751	-0.687211	-1.00018
-0.688751	-0.687211	-1.00018
-0.688751	-0.687211	-1.00018
-0.688751	-0.687211	-1.00018
0.0235185	-0.511498	-0.553558
0.0235185	-0.511498	-0.553558
0.0235185	-0.511498	-0.553558
0.0235185	-0.511498	-0.553558
0.157362	0.394307	-0.13427
0.157362	0.394307	-0.13427
0.157362	0.394307	-0.13427
0.157362	0.394307	-0.13427
0.157362	0.394307	-0.13427
-0.139035	1.05779	0.558544
-0.139035	1.05779	0.558544
0.210421	1.02735	-0.500462
0.268731	0.140245	-1.00764
0.30172	0.596919	-0.558013
0.951231	0.439517	-0.191778
0.759292	0.415221	-0.590667
0.659486	0.18783	-1.4339
0.659486	0.18783	-1.4339
1.20508	-0.866619	-1.24395
1.20508	-0.866619	-1.24395
0.539838	-2.34151	-1.18464
1.35193	-1.66322	-1.71309
0.824321	-1.29692	-1.74608
0.824321	-1.29692	-1.74608
1.63007	-1.35854	-2.59738
1.81744	-1.42842	-1.82825
1.96186	-0.148128	-2.59834
1.75729	0.932608	-2.5749
2.21039	0.914681	-2.45828
2.21039	0.914681	-2.45828
1.75824	0.449699	-1.53029
1.75824	0.449699	-1.53029
1.65994	2.15836	-0.118816
0.892173	1.57347	-0.642126
0.596479	0.263587	-1.69442
2.18943	0.549723	-1.75252
2.18943	0.549723	-1.75252
2.18943	0.549723	-1.75252
0.799959	0.162517	-2.07705
0.799959	0.162517	-2.07705
1.08994	0.194621	-1.91484
1.08994	0.194621	-1.91484
0.548772	0.573223	-0.779341
1.44182	1.48575	-0.131662
0.274079	1.53315	1.46307
1.25344	1.91296	0.583111
0.289138	2.71006	1.39522
-1.37958	1.62198	-0.341864
-1.03449	0.812816	-1.84383
-0.178373	0.818493	-1.20817
-0.788648	1.04414	-0.169164
-0.788648	1.04414	-0.169164
0.318667	0.673224	-1.09869
-0.431601	1.12402	-0.877997
-0.431601	1.12402	-0.877997
0.272507	0.893211	-0.0914429
0.481834	0.233854	-0.286154
0.142866	0.710119	-0.081728
0.167505	0.136404	0.587563
0.167505	0.136404	0.587563
0.167505	0.136404	0.587563
0.134188	-0.0477741	-0.272114
0.134188	-0.0477741	-0.272114
0.134188	-0.0477741	-0.272114
0.134188	-0.0477741	-0.272114
-1.40816	0.280109	0.266646
-1.37094	-0.0473653	0.808972
-1.37094	-0.0473653	0.808972
-1.37094	-0.0473653	0.808972
-1.4649	1.33891	0.737618
-1.4649	1.33891	0.737618
-1.98142	-0.104033	-0.524129
-1.98142	-0.104033	-0.524129
-1.82281	0.185867	-0.769434
-1.60333	0.516289	0.0533855
-1.60333	0.516289	0.0533855
-1.57092	1.18373	0.322117
-1.3156	1.63145	-0.436976
-1.3156	1.63145	-0.436976
-1.72498	1.13251	0.277258
-1.18843	0.592432	0.170775
-1.18843	0.592432	0.170775
-1.18843	0.592432	0.170775
-0.238553	-0.476292	-0.629098
-0.238553	-0.476292	-0.629098
-0.898588	0.0354359	0.362791
-0.945073	0.203175	0.510456
-0.120107	0.846842	0.680375
-0.111455	0.0264949	0.362664
-0.111455	0.0264949	0.362664
-0.111455	0.0264949	0.362664
-0.111455	0.0264949	0.362664
-0.111455	0.0264949	0.362664
-0.111455	0.0264949	0.362664
0.267193	0.285418	0.153582
0.516618	-0.491573	-0.404224
0.27956	-0.909356	-1.5038
0.27956	-0.909356	-1.5038
0.27956	-0.909356	-1.5038
-0.565552	-1.7931	-1.62564
-0.565552	-1.7931	-1.62564
-0.249438	-0.466775	-0.779098
-0.326708	-0.469399	-0.197406
-0.326708	-0.469399	-0.197406
-0.644041	-0.398894	-0.158525
-0.644041	-0.398894	-0.158525
-0.644041	-0.398894	-0.158525
-0.644041	-0.398894	-0.158525
-0.644041	-0.398894	-0.158525
-0.644041	-0.398894	-0.158525
-0.644041	-0.398894	-0.158525
-0.644041	-0.398894	-0.158525
-0.644041	-0.398894	-0.158525
-0.299147	0.713721	-0.608564
-0.276384	0.715852	-1.03881
-0.276384	0.715852	-1.03881
-0.131986	0.230594	-1.24513
-0.131986	0.230594	-1.24513
-0.636021	0.241822	-0.795501
-0.636021	0.241822	-0.795501
-0.636021	0.241822	-0.795501
-0.636021	0.241822	-0.795501
-0.897325	1.09215	-0.172275
-0.897325	1.09215	-0.172275
-0.897325	1.09215	-0.172275
-0.577651	1.63414	-0.809462
-0.577651	1.63414	-0.809462
-0.577651	1.63414	-0.809462
-0.577651	1.63414	-0.809462
-0.709066	1.73029	-0.0112529
-0.751733	0.55794	-0.188167
-0.0402651	0.352967	0.713335
-0.0402651	0.352967	0.713335
-0.0402651	0.352967	0.713335
-0.0402651	0.352967	0.713335
-0.0402651	0.352967	0.713335
-0.0402651	0.352967	0.713335
-0.0402651	0.352967	0.713335
-0.0402651	0.352967	0.713335
-0.0402651	0.352967	0.713335
-0.110449	-0.717082	0.300262
-1.16564	-0.599893	0.993205
-1.16564	-0.599893	0.993205
-1.16564	-0.599893	0.993205
-0.956244	-1.12352	1.63754
-0.277483	-1.03735	0.256093
0.0771386	-0.766792	0.260237
-0.70983	0.401493	-0.509368
-0.253825	0.694186	-0.86931
-0.253825	0.694186	-0.86931
-0.253825	0.694186	-0.86931
-0.761195	0.960696	0.347836
-0.0248202	0.0192735	0.171189
-0.0248202	0.0192735	0.171189
-0.0248202	0.0192735	0.171189
0.517281	0.236203	-0.470889
0.517281	0.236203	-0.470889
0.517281	0.236203	-0.470889
0.517281	0.236203	-0.470889
0.355005	-0.460874	-0.32354
0.355005	-0.460874	-0.32354
-0.15279	0.0418297	-0.568285
-0.15279	0.0418297	-0.568285
-0.183758	0.0795263	-0.325949
-0.183758	0.0795263	-0.325949
-0.183758	0.0795263	-0.325949
-0.134928	0.419837	-0.0143207
-0.134928	0.419837	-0.0143207
0.212181	0.669909	0.233001
0.212181	0.669909	0.233001
0.212181	0.669909	0.233001
0.326274	0.654195	0.283951
-0.36678	0.536924	0.97909
-0.36678	0.536924	0.97909
0.207194	1.1398	-0.335737
0.207194	1.1398	-0.335737
0.333134	0.742692	-0.771303
0.73707	0.443248	-0.906391
0.73707	0.443248	-0.906391
0.73707	0.443248	-0.906391
0.236468	0.371448	-0.190262
0.236468	0.371448	-0.190262
0.236468	0.371448	-0.190262
0.95857	0.881895	0.237141
0.391231	0.136433	-0.1672
0.391231	0.136433	-0.1672
0.391231	0.136433	-0.1672
0.37013	0.937017	-1.01682
0.37013	0.937017	-1.01682
0.37013	0.937017	-1.01682
-0.103146	-0.52432	-1.18541
-0.646315	-1.15727	-0.972872
-0.646315	-1.15727	-0.972872
0.078347	1.1427	-0.547603
-0.573148	0.528679	-0.882814
0.779003	0.310018	0.520128
0.779003	0.310018	0.520128
0.779003	0.310018	0.520128
0.779003	0.310018	0.520128
0.0142085	0.0296215	0.674694
0.0142085	0.0296215	0.674694
0.761534	0.186457	0.00474477
0.761534	0.186457	0.00474477
0.761534	0.186457	0.00474477
0.761534	0.186457	0.00474477
0.0704773	0.959143	-0.103041
0.0704773	0.959143	-0.103041
0.0704773	0.959143	-0.103041
0.404195	0.655524	-1.46159
1.506	1.19454	-1.28878
1.54984	1.17524	-1.79692
0.772535	1.44261	-1.99787
1.32334	1.29123	-2.36598
1.32334	1.29123	-2.36598
0.560702	2.19446	-1.29241
1.00532	1.70102	-0.301543
1.00532	1.70102	-0.301543
1.00532	1.70102	-0.301543
1.73376	0.294716	0.387017
1.7367	0.657675	0.0670423
1.7367	0.657675	0.0670423
1.90284	-0.17695	-0.751426
1.90284	-0.17695	-0.751426
0.0838661	-0.18548	-0.698235
0.0838661	-0.18548	-0.698235
-0.460742	-0.772557	-1.19618
-0.83968	-0.282911	-0.128263
-1.01029	0.00122097	0.724521
-1.01029	0.00122097	0.724521
-1.01029	0.00122097	0.724521
-0.681032	-1.21089	0.08294
-0.284777	-1.04822	0.626606
-0.284777	-1.04822	0.626606
-0.284777	-1.04822	0.626606
0.474272	-0.754559	0.703085
0.474272	-0.754559	0.703085
0.474272	-0.754559	0.703085
0.474272	-0.754559	0.703085
0.474272	-0.754559	0.703085
0.474272	-0.754559	0.703085
0.474272	-0.754559	0.703085
2.00889	-0.81194	1.20655
2.00889	-0.81194	1.20655
2.00889	-0.81194	1.20655
2.00889	-0.81194	1.20655
2.00889	-0.81194	1.20655
1.37858	-1.95784	1.06115
1.37858	-1.95784	1.06115
1.37858	-1.95784	1.06115
1.93334	-1.50337	1.63038
1.49643	-0.875845	1.77828
0.497653	-1.47365	2.07625
0.497653	-1.47365	2.07625
0.497653	-1.47365	2.07625
0.497653	-1.47365	2.07625
1.34759	-1.52513	2.13632
1.34759	-1.52513	2.13632
1.34759	-1.52513	2.13632
1.34759	-1.52513	2.13632
0.953928	-1.22201	1.85728
1.03782	-1.46813	1.3023
1.03782	-1.46813	1.3023
0.687989	-1.54593	0.379152
0.517195	-1.28688	1.36458
0.764865	-0.228689	1.08109
0.645958	-0.673334	0.42562
0.645958	-0.673334	0.42562
-0.657984	-0.605954	0.194521
-0.837165	-0.200447	0.884597
-0.921913	0.932523	-0.9153
-0.538779	0.868316	-1.54252
-0.538779	0.868316	-1.54252
-0.754551	0.437627	-0.931571
-1.18012	0.503066	0.459724
-0.834138	1.67519	0.542294
-1.00401	1.1726	0.84174
-1.00401	1.1726	0.84174
-0.189926	1.39386	0.123987
0.250266	2.24348	-0.204812
1.13336	1.18351	0.484245
1.13336	1.18351	0.484245
0.270171	1.39403	-0.0429866
0.727403	0.737818	-0.0339666
0.727403	0.737818	-0.0339666
0.710115	0.447171	0.35413
0.710115	0.447171	0.35413
0.361814	-0.485474	0.781418
0.361814	-0.485474	0.781418
0.361814	-0.485474	0.781418
0.361814	-0.485474	0.781418
0.361814	-0.485474	0.781418
0.361814	-0.485474	0.781418
-0.519334	-0.261016	0.674864
-0.519334	-0.261016	0.674864
-0.519334	-0.261016	0.674864
-0.519334	-0.261016	0.674864
-0.519334	-0.261016	0.674864
-0.416189	-1.30472	0.496062
-0.0572636	-1.62785	-0.0878321
-0.145544	-0.47756	0.210478
-0.145544	-0.47756	0.210478
-0.145544	-0.47756	0.210478
-0.0223549	-0.683514	0.203339
-0.0223549	-0.683514	0.203339
-0.0237377	0.211061	0.765741
-0.0237377	0.211061	0.765741
-0.362665	0.310977	0.41515
-0.362665	0.310977	0.41515
0.346959	0.210835	0.146021
0.346959	0.210835	0.146021
0.346959	0.210835	0.146021
0.198927	-0.00819647	0.0708291
0.198927	-0.00819647	0.0708291
0.198927	-0.00819647	0.0708291
0.198927	-0.00819647	0.0708291
0.198927	-0.00819647	0.0708291
0.444723	0.627251	0.483611
-0.599519	0.209128	-0.367323
-0.599519	0.209128	-0.367323
-0.599519	0.209128	-0.367323
-0.599519	0.209128	-0.367323
-0.599519	0.209128	-0.367323
-1.30326	-0.00688036	-1.0171
-0.627367	-0.403461	-0.623406
0.446359	0.271305	-0.721912
-0.616061	0.20278	0.516079
-0.616061	0.20278	0.516079
-0.41322	0.24245	-0.122323
-0.41322	0.24245	-0.122323
-0.41322	0.24245	-0.122323
-0.41322	0.24245	-0.122323
-0.41322	0.24245	-0.122323
-0.41322	0.24245	-0.122323
-0.41322	0.24245	-0.122323
-0.41322	0.24245	-0.122323
-0.442382	-0.507292	0.684683
0.383266	-0.770269	0.346064
0.383266	-0.770269	0.346064
0.383266	-0.770269	0.346064
0.383266	-0.770269	0.346064
1.16081	-0.532776	0.0672492
1.16081	-0.532776	0.0672492
0.855984	-0.468929	0.268149
0.855984	-0.468929	0.268149
0.728258	-0.784011	0.636038
0.194937	-0.393602	0.596174
0.383711	-0.553666	0.942362
0.419441	0.142319	0.872147
-0.275244	0.00869346	0.537437
-0.275244	0.00869346	0.537437
-0.275244	0.00869346	0.537437
-0.275244	0.00869346	0.537437
1.26086	0.302543	-0.354976
0.550457	-0.208596	-0.404428
0.907127	-0.200563	-0.301375
0.298286	-0.355223	-0.883471
0.298286	-0.355223	-0.883471
0.761663	-0.964444	-0.0764831
0.525507	-0.66024	-0.0331499
0.525507	-0.66024	-0.0331499
0.357997	-0.63938	1.04718
0.357997	-0.63938	1.04718
0.357997	-0.63938	1.04718
-0.839738	-0.108704	1.43704
-0.327839	0.117056	1.6973
-0.270013	0.0895054	1.88021
-0.270013	0.0895054	1.88021
-0.655181	-0.467412	1.36123
-0.655181	-0.467412	1.36123
-0.406983	-0.886786	1.13746
-0.406983	-0.886786	1.13746
-0.406983	-0.886786	1.13746
-0.686606	-0.100005	1.15469
-1.33245	-0.402849	-0.687136
-0.772281	-0.959503	0.0185012
-0.824337	-1.15625	-0.625014
-0.639196	-1.27432	-0.473601
-0.639196	-1.27432	-0.473601
-0.639196	-1.27432	-0.473601
-0.440968	-0.505995	-0.278476
-0.440968	-0.505995	-0.278476
-0.440968	-0.505995	-0.278476
-0.440968	-0.505995	-0.278476
-0.153609	-0.266546	0.566003
-0.153609	-0.266546	0.566003
-0.176158	-0.185419	0.252986
-0.176158	-0.185419	0.252986
-0.176158	-0.185419	0.252986
-0.176158	-0.185419	0.252986
-0.176158	-0.185419	0.252986
-0.176158	-0.185419	0.252986
-0.176158	-0.185419	0.252986
-0.176158	-0.185419	0.252986
-0.176158	-0.185419	0.252986
0.336751	-0.773536	-0.190617
0.336751	-0.773536	-0.190617
0.953475	-0.592762	-0.175628
-0.132803	-0.134625	-0.493221
-0.132803	-0.134625	-0.493221
-0.605464	-0.660976	-0.246635
-0.605464	-0.660976	-0.246635
-0.605464	-0.660976	-0.246635
-0.642053	0.423631	-0.495318
-0.642053	0.423631	-0.495318
-0.0514308	-0.306418	-0.264714
-0.22019	-0.189959	-0.524028
0.555366	0.964834	-0.710291
1.16973	0.226824	-0.0650106
1.13031	-0.411646	0.991497
0.525785	-0.541104	0.660019
0.435937	0.101018	0.0885685
0.279226	0.351057	0.0489095
-0.432298	-0.0815303	-0.0770379
0.752154	-0.307246	0.617242
1.14651	-0.190216	0.384358
1.14651	-0.190216	0.384358
1.13284	-0.128704	0.31797
0.381255	-0.24135	-0.33362
0.381255	-0.24135	-0.33362
0.381255	-0.24135	-0.33362
0.381255	-0.24135	-0.33362
-0.233669	-1.59064	0.551108
-0.233669	-1.59064	0.551108
0.174923	-1.93775	1.49293
0.174923	-1.93775	1.49293
0.174923	-1.93775	1.49293
0.174923	-1.93775	1.49293
0.174923	-1.93775	1.49293
0.174923	-1.93775	1.49293
-0.273746	-1.74711	0.431364
0.797872	-1.60526	1.26619
0.140836	-1.77103	0.586233
0.140836	-1.77103	0.586233
0.114725	-1.78792	-0.307523
0.114725	-1.78792	-0.307523
1.08818	-1.26816	-0.703955
1.08818	-1.26816	-0.703955
1.08818	-1.26816	-0.703955
0.95785	-1.03921	-0.536617
0.875111	-0.691228	0.668309
-0.492095	-0.275798	0.0409167
-0.492095	-0.275798	0.0409167
-0.242278	-0.380847	-1.19086
-0.242278	-0.380847	-1.19086
-0.454288	-0.0915221	-0.974129
-0.454288	-0.0915221	-0.974129
0.186737	-1.21481	-0.31615
0.129525	-0.404528	-1.13669
0.129525	-0.404528	-1.13669
0.794129	-0.663601	-0.557928
0.62677	-0.196531	-0.248619
-0.827682	0.463996	0.970945
-0.288371	-0.137863	0.528788
-0.149053	0.417101	0.0389129
-0.149053	0.417101	0.0389129
-0.149053	0.417101	0.0389129
-0.149053	0.417101	0.0389129
-0.149053	0.417101	0.0389129
-0.149053	0.417101	0.0389129
0.870275	0.893417	-0.0297259
0.593622	0.473774	-0.881976
0.593622	0.473774	-0.881976
0.142424	-0.160806	-0.845589
0.375344	-0.646419	0.318354
0.375344	-0.646419	0.318354
0.976861	-1.20375	-1.3128
1.09237	-1.59973	-1.33708
1.09237	-1.59973	-1.33708
2.51927	-0.460604	-0.496816
2.51927	-0.460604	-0.496816
2.60733	-0.305049	-0.517435
2.66906	1.19096	-0.206042
2.66906	1.19096	-0.206042
2.66906	1.19096	-0.206042
2.66906	1.19096	-0.206042
2.66906	1.19096	-0.206042
2.52891	1.06173	0.294047
2.5735	0.5722	-0.776287
3.48739	0.707302	-0.215306
3.48739	0.707302	-0.215306
3.23402	-0.437086	-1.1643
3.32438	-0.645608	-0.939858
3.32438	-0.645608	-0.939858
3.32438	-0.645608	-0.939858
3.48638	-0.27646	-0.423264
3.48638	-0.27646	-0.423264
3.48638	-0.27646	-0.423264
3.48638	-0.27646	-0.423264
3.48638	-0.27646	-0.423264
3.96201	-0.599717	-0.448372
3.69647	-0.252365	-1.46768
4.39218	-1.17363	-0.805096
4.39218	-1.17363	-0.805096
4.46608	-1.22316	0.0722816
4.24672	0.474763	-0.117001
4.24672	0.474763	-0.117001
3.98977	0.321321	1.33639
2.95172	0.289592	0.596733
2.95172	0.289592	0.596733
2.5034	1.09631	1.16635
2.5034	1.09631	1.16635
2.5034	1.09631	1.16635
2.9253	1.02802	1.50029
2.9253	1.02802	1.50029
2.37143	0.712469	2.18555
1.99174	0.79426	2.4042
1.57272	1.65667	2.33263
1.08019	1.22008	1.72357
1.07555	0.486861	1.76106
1.07555	0.486861	1.76106
1.02945	0.276996	0.154002
1.2694	-1.35089	0.563055
0.556025	1.18631	0.911147
0.556025	1.18631	0.911147
0.350305	1.67543	0.0895745
0.315712	0.498661	0.531161
1.18285	0.522017	1.36811
1.18285	0.522017	1.36811
1.18285	0.522017	1.36811
0.105196	1.96809	0.711072
0.194392	1.53575	0.485341
0.194392	1.53575	0.485341
0.194392	1.53575	0.485341
0.194392	1.53575	0.485341
0.807533	0.862402	-0.824321
0.812972	0.395983	-0.8252
0.812972	0.395983	-0.8252
0.812972	0.395983	-0.8252
0.812972	0.395983	-0.8252
0.812972	0.395983	-0.8252
0.812972	0.395983	-0.8252
0.992372	0.928497	-0.382747
0.665577	1.26699	-2.10656
-0.0991346	0.968451	-1.18495
0.210847	0.931383	-0.829065
0.210847	0.931383	-0.829065
0.210847	0.931383	-0.829065
0.210847	0.931383	-0.829065
-0.348137	1.17296	-0.16034
-0.266384	1.58909	0.78129
-1.58766	1.11988	0.349915
-0.642155	1.51267	1.21249
0.700666	2.1246	0.65619
0.825988	2.33439	2.19184
0.825988	2.33439	2.19184
0.101851	2.18179	1.53154
0.33387	1.64	0.896811
0.33387	1.64	0.896811
0.813674	1.6028	0.892296
0.307356	2.17799	0.0533937
-0.4002	2.26759	0.641602
0.588523	2.7031	0.503215
0.416737	2.37588	0.641109
0.416737	2.37588	0.641109
0.416737	2.37588	0.641109
0.416737	2.37588	0.641109
0.297325	1.90637	0.321275
0.297325	1.90637	0.321275
0.297325	1.90637	0.321275
-0.526569	0.35469	0.993839
-0.526569	0.35469	0.993839
-0.526569	0.35469	0.993839
-1.28867	0.619555	0.745049
-1.15132	0.957683	1.35725
-0.856138	0.11854	1.19945
-0.856138	0.11854	1.19945
-0.856138	0.11854	1.19945
-0.0957405	1.21501	1.29795
-0.0957405	1.21501	1.29795
0.112034	1.73182	0.941976
0.0971384	1.6603	0.220397
0.616704	0.64727	-0.572201
0.616704	0.64727	-0.572201
0.0828146	0.940808	-0.997063
0.0828146	0.940808	-0.997063
-0.741727	1.02106	-0.379308
-1.0181	1.80522	0.413792
-0.47914	0.595982	0.49795
-0.47914	0.595982	0.49795
-0.47914	0.595982	0.49795
-0.47914	0.595982	0.49795
-0.47914	0.595982	0.49795
-0.47914	0.595982	0.49795
0.0674021	0.66469	1.22787
0.0674021	0.66469	1.22787
0.367028	0.30485	0.809529
-0.351933	0.760026	0.663259
-0.351933	0.760026	0.663259
-0.413711	0.0592963	0.0603192
-0.413711	0.0592963	0.0603192
-0.17018	-0.0877792	0.481076
-0.17018	-0.0877792	0.481076
-0.17018	-0.0877792	0.481076
-0.511218	-0.0133708	0.697047
-0.511218	-0.0133708	0.697047
-1.40169	-0.458757	0.512643
-1.40169	-0.458757	0.512643
-1.40169	-0.458757	0.512643
-1.66797	0.120914	0.301783
-1.66797	0.120914	0.301783
-1.72055	0.111969	0.531853
-0.934957	-0.721397	0.00797133
-0.897585	0.00718864	0.204864
-0.600219	-0.21899	0.0928844
-0.600219	-0.21899	0.0928844
-0.600219	-0.21899	0.0928844
0.368799	-0.451492	0.374173
-0.0308389	0.299361	-0.349863
-0.0308389	0.299361	-0.349863
-0.0308389	0.299361	-0.349863
-0.0308389	0.299361	-0.349863
-0.0308389	0.299361	-0.349863
-0.0308389	0.299361	-0.349863
-0.724916	1.17509	0.172957
-0.724916	1.17509	0.172957
-0.724916	1.17509	0.172957
-0.980246	0.246909	-0.628241
-0.980246	0.246909	-0.628241
-1.21487	0.494029	0.0862006
-0.119312	0.871299	0.777731
-0.119312	0.871299	0.777731
-0.119312	0.871299	0.777731
-0.431945	0.0784979	1.20466
-0.431945	0.0784979	1.20466
-0.866781	-0.281261	0.0638582
-0.866781	-0.281261	0.0638582
-0.0227349	-1.05012	0.160078
-0.733457	-0.851631	-0.817191
-0.733457	-0.851631	-0.817191
-0.733457	-0.851631	-0.817191
-0.733457	-0.851631	-0.817191
-0.733457	-0.851631	-0.817191
-0.733457	-0.851631	-0.817191
-0.175688	-0.648361	-0.743789
-0.0539849	-0.390225	-0.675337
-0.0539849	-0.390225	-0.675337
-0.0539849	-0.390225	-0.675337
-0.372809	-1.2147	-0.286187
0.357637	-0.600801	-0.718343
0.357637	-0.600801	-0.718343
0.357637	-0.600801	-0.718343
0.357637	-0.600801	-0.718343
0.00837628	-0.516122	-1.08231
0.00837628	-0.516122	-1.08231
0.142175	0.671298	-0.760891
-0.168372	0.315511	-0.0214862
0.582832	-0.148544	0.554338
0.127609	-0.963237	-0.717929
0.127609	-0.963237	-0.717929
1.10056	-0.929689	0.813686
1.10056	-0.929689	0.813686
0.935668	-0.246651	0.456364
0.935668	-0.246651	0.456364
0.935668	-0.246651	0.456364
0.258741	0.489758	1.45844
0.258741	0.489758	1.45844
-0.0263732	1.55839	0.567207
-0.14636	2.16964	0.0874364
-0.700796	2.40409	-1.77435
0.994196	1.92304	0.447215
0.994196	1.92304	0.447215
0.792979	1.639	0.987862
0.775893	0.794529	1.09665
1.20787	0.0253074	1.62134
1.30195	-0.524122	0.417743
1.04638	0.261319	0.418097
0.834839	-0.38248	-0.856662
0.79036	-0.14062	-0.408511
0.431242	-0.485355	-1.02797
0.117166	-0.325199	-1.35973
-1.11181	-0.438412	0.00839092
-1.11181	-0.438412	0.00839092
-1.00276	0.907554	-0.0145816
-0.152484	0.952544	-0.421921
-0.152484	0.952544	-0.421921
-0.152484	0.952544	-0.421921
0.504163	0.788682	-1.59052
1.05395	-0.661554	-1.21676
1.05395	-0.661554	-1.21676
-0.327573	-1.35877	-0.72848
0.12153	0.253565	-1.48795
0.12153	0.253565	-1.48795
0.0190561	0.288521	-1.16648
0.0190561	0.288521	-1.16648
0.319697	-0.208598	-0.942297
-0.0427017	0.105809	-0.993152
-0.0427017	0.105809	-0.993152
0.127492	0.955042	-1.1145
0.602337	0.0871598	-0.795399
0.602337	0.0871598	-0.795399
0.602337	0.0871598	-0.795399
0.0814337	-0.383404	-0.658938
0.0901103	-0.595712	-0.0691617
0.0901103	-0.595712	-0.0691617
0.0901103	-0.595712	-0.0691617
0.0901103	-0.595712	-0.0691617
0.0901103	-0.595712	-0.0691617
0.0901103	-0.595712	-0.0691617
0.0837728	0.542696	0.555137
0.0837728	0.542696	0.555137
0.0837728	0.542696	0.555137
0.0837728	0.542696	0.555137
0.0778575	-0.101814	1.0196
0.426866	-0.678727	0.473476
0.39207	-0.634945	0.345118
0.39207	-0.634945	0.345118
0.233713	0.413806	-0.697623
0.483594	-0.302567	-1.02355
0.116595	-0.788044	-0.71802
0.116595	-0.788044	-0.71802
0.116595	-0.788044	-0.71802
0.116595	-0.788044	-0.71802
-0.390485	-1.07039	-1.4662
-0.387693	-0.247084	-1.32013
-0.387693	-0.247084	-1.32013
-0.387693	-0.247084	-1.32013
0.38692	-0.294149	-1.30883
-0.635644	0.0556298	-0.638024
-0.635644	0.0556298	-0.638024
-0.635644	0.0556298	-0.638024
-0.493141	0.614174	0.420377
-0.493141	0.614174	0.420377
-0.573401	0.6487	0.496135
-0.573401	0.6487	0.496135
-0.573401	0.6487	0.496135
-0.832624	0.59429	0.861395
-0.637842	1.21026	0.310249
-0.818876	0.986115	0.348421
-0.818876	0.986115	0.348421
-0.818876	0.986115	0.348421
-0.593946	0.775114	1.78513
-0.593946	0.775114	1.78513
-1.84554	1.44775	1.28322
-1.84554	1.44775	1.28322
-1.36527	1.73701	-0.479088
-0.727537	2.06381	-1.70445
-0.727537	2.06381	-1.70445
0.204591	2.44403	-2.79256
1.25374	1.4697	-2.93406
2.40428	1.21268	-1.85365
2.11141	1.12182	-1.84249
2.46632	0.309412	-1.04195
3.04015	0.326918	0.294075
2.47536	1.0128	0.0470812
1.69659	0.978895	0.292715
1.30548	0.854607	-0.519339
1.30548	0.854607	-0.519339
0.654986	1.93522	-0.486259
-0.017094	1.64064	-0.82334
-0.017094	1.64064	-0.82334
-0.387108	0.958082	-0.969001
-0.387108	0.958082	-0.969001
-0.387108	0.958082	-0.969001
-0.387108	0.958082	-0.969001
0.424065	1.13686	-1.86963
0.424065	1.13686	-1.86963
0.424065	1.13686	-1.86963
-0.0568573	-0.0627062	-1.21115
-0.871718	-0.77443	-0.164361
-0.550104	-1.14757	-0.727713
-0.123898	-0.975861	0.0485155
-0.123898	-0.975861	0.0485155
-0.123898	-0.975861	0.0485155
-0.123898	-0.975861	0.0485155
-0.123898	-0.975861	0.0485155
-0.123898	-0.975861	0.0485155
-0.123898	-0.975861	0.0485155
-0.496595	-0.471908	0.373679
-0.422058	-0.65702	-0.0868813
-0.422058	-0.65702	-0.0868813
-0.422058	-0.65702	-0.0868813
-0.422058	-0.65702	-0.0868813
0.111521	-1.23364	-0.149639
0.47992	-0.352555	-0.4473
0.47992	-0.352555	-0.4473
-0.26003	-0.432592	0.571494
-0.26003	-0.432592	0.571494
-0.26003	-0.432592	0.571494
0.00730659	-0.0645483	0.277891
0.00730659	-0.0645483	0.277891
0.00730659	-0.0645483	0.277891
0.292953	-0.174655	0.0378698
0.292953	-0.174655	0.0378698
-0.0312562	0.192887	0.297876
-0.0312562	0.192887	0.297876
-0.0312562	0.192887	0.297876
-0.0312562	0.192887	0.297876
-0.0312562	0.192887	0.297876
-0.0312562	0.192887	0.297876
-0.0312562	0.192887	0.297876
-0.0312562	0.192887	0.297876
-0.0312562	0.192887	0.297876
-0.0312562	0.192887	0.297876
-0.0312562	0.192887	0.297876
0.0888988	0.727986	-0.0431077
-0.493208	-0.330594	-0.551627
-0.513152	0.645009	-0.447803
-0.513152	0.645009	-0.447803
-0.488504	0.0142718	0.358686
-0.22114	-0.798251	-0.0083358
-0.22114	-0.798251	-0.0083358
-0.22114	-0.798251	-0.0083358
-0.22114	-0.798251	-0.0083358
-0.040601	-0.0355414	0.880959
-0.163482	-1.29973	-0.184863
0.0962443	-0.414919	0.264151
0.100717	-0.481583	0.794437
0.291053	-1.33869	0.571557
0.351388	-1.06569	0.516674
0.351388	-1.06569	0.516674
0.55107	0.376896	1.26757
0.55107	0.376896	1.26757
0.500956	-0.568665	1.59268
1.58232	-1.31287	0.770225
-0.0843374	-1.73757	0.54215
-0.0843374	-1.73757	0.54215
-0.0843374	-1.73757	0.54215
-0.0843374	-1.73757	0.54215
-0.0843374	-1.73757	0.54215
-0.0843374	-1.73757	0.54215
-0.0843374	-1.73757	0.54215
-0.0843374	-1.73757	0.54215
-0.0843374	-1.73757	0.54215
-0.0843374	-1.73757	0.54215
-0.169424	-1.48857	0.741072
-0.169424	-1.48857	0.741072
-0.974818	0.112732	1.02657
-0.974818	0.112732	1.02657
-0.974818	0.112732	1.02657
-0.939002	0.215459	0.794206
-0.939002	0.215459	0.794206
0.187157	0.297785	1.31708
0.187157	0.297785	1.31708
0.187157	0.297785	1.31708
0.801277	0.0601842	0.693909
0.801277	0.0601842	0.693909
0.801277	0.0601842	0.693909
0.698775	0.431421	1.02883
0.698775	0.431421	1.02883
0.698775	0.431421	1.02883
0.698775	0.431421	1.02883
0.698775	0.431421	1.02883
0.698775	0.431421	1.02883
-0.0114531	1.02698	0.413845
0.174797	0.795529	0.0908814
0.174797	0.795529	0.0908814
0.603396	0.680067	-0.202392
0.603396	0.680067	-0.202392
0.603396	0.680067	-0.202392
0.603396	0.680067	-0.202392
0.603396	0.680067	-0.202392
0.603396	0.680067	-0.202392
0.603396	0.680067	-0.202392
0.603396	0.680067	-0.202392
0.603396	0.680067	-0.202392
0.603396	0.680067	-0.202392
0.603396	0.680067	-0.202392
-1.01324	0.86522	0.0968946
-0.337384	0.683517	0.744717
-0.337384	0.683517	0.744717
0.478285	0.368093	1.35127
0.879776	0.847581	1.50052
1.04919	1.92322	1.20925
1.04919	1.92322	1.20925
1.08314	2.20055	1.39225
0.798559	1.46687	1.71045
0.736939	1.04242	1.96052
-0.804444	0.986636	2.4064
-0.804444	0.986636	2.4064
-2.12726	-0.295241	1.00768
-0.830574	0.31899	1.03991
-0.157202	1.24118	1.31206
-0.157202	1.24118	1.31206
-0.157202	1.24118	1.31206
-0.157202	1.24118	1.31206
-0.157202	1.24118	1.31206
-1.73157	2.15005	2.97839
-1.63366	2.0378	2.85953
-1.9893	0.36845	3.19155
-2.31058	1.72104	2.02861
-2.31058	1.72104	2.02861
-1.87482	2.28563	1.43886
-1.87482	2.28563	1.43886
-1.40202	2.5105	1.9264
-1.40202	2.5105	1.9264
-1.22042	1.9871	1.47531
-1.57988	1.27873	1.02521
-1.52011	1.50629	1.53225
-1.52011	1.50629	1.53225
-2.18617	0.877707	2.10992
-0.991614	0.439437	2.26366
-1.28914	0.340638	1.24371
-1.28914	0.340638	1.24371
-1.28914	0.340638	1.24371
-1.28914	0.340638	1.24371
-2.13937	0.454871	1.67302
-1.67217	1.59959	1.61059
-3.05043	1.59275	0.533576
-3.05043	1.59275	0.533576
-3.05043	1.59275	0.533576
-2.54284	1.59699	0.275501
-2.54284	1.59699	0.275501
-2.54284	1.59699	0.275501
-2.54284	1.59699	0.275501
-2.54284	1.59699	0.275501
-2.42969	0.865919	0.251601
-2.17805	0.478083	0.89269
-2.17805	0.478083	0.89269
-2.17805	0.478083	0.89269
-2.17805	0.478083	0.89269
-2.16662	-0.425557	1.47976
-2.30782	-0.45191	1.1014
-2.74808	-0.794823	-0.317172
-3.37808	-0.815576	0.72967
-3.37808	-0.815576	0.72967
-3.37808	-0.815576	0.72967
-2.53399	0.786233	-0.190643
-2.53399	0.786233	-0.190643
-2.23502	0.176611	0.0415293
-2.32746	0.452881	-0.0643786
-1.3599	-0.21159	0.15865
-1.3599	-0.21159	0.15865
-0.949362	0.231335	-0.401573
-0.121048	0.657137	-0.379624
-0.121048	0.657137	-0.379624
-0.121048	0.657137	-0.379624
0.288111	1.01735	-0.215968
0.288111	1.01735	-0.215968
0.288111	1.01735	-0.215968
-0.619392	1.53255	-0.57339
-0.619392	1.53255	-0.57339
0.242235	1.4493	0.55114
0.605553	0.636409	0.5875
0.225535	0.280058	-0.326759
0.225535	0.280058	-0.326759
0.225535	0.280058	-0.326759
0.225535	0.280058	-0.326759
-0.615858	-0.0710708	-0.313681
-0.615858	-0.0710708	-0.313681
-0.574667	0.495148	-1.07106
-0.87228	0.168809	-0.528988
-0.87228	0.168809	-0.528988
-0.87228	0.168809	-0.528988
0.421257	0.545143	-0.577387
0.739907	0.832133	-0.442124
0.739907	0.832133	-0.442124
0.601516	0.479759	-0.218199
0.802923	0.499998	-0.12639
0.465783	0.750641	-0.529766
0.60554	-0.789394	0.366283
0.60554	-0.789394	0.366283
1.17782	-1.28832	-0.553911
1.26103	-0.711813	-1.00001
0.972264	-1.73689	-0.806534
0.972264	-1.73689	-0.806534
-0.166498	-1.31662	-1.43376
0.600743	-0.86927	-1.30793
0.066451	-0.0513874	-0.553761
-0.357488	-1.35641	0.618602
-0.846292	-0.999238	0.628295
-0.846292	-0.999238	0.628295
-0.846292	-0.999238	0.628295
-0.846292	-0.999238	0.628295
-0.226884	0.231345	-0.423738
-0.226884	0.231345	-0.423738
-0.226884	0.231345	-0.423738
-0.226884	0.231345	-0.423738
0.26632	0.694204	0.198826
0.26632	0.694204	0.198826
0.26632	0.694204	0.198826
0.26632	0.694204	0.198826
0.26632	0.694204	0.198826
0.299229	0.463786	-0.510739
0.178925	0.0498041	-0.0750884
0.178925	0.0498041	-0.0750884
0.178925	0.0498041	-0.0750884
0.178925	0.0498041	-0.0750884
0.178925	0.0498041	-0.0750884
0.178925	0.0498041	-0.0750884
0.178925	0.0498041	-0.0750884
0.178925	0.0498041	-0.0750884
0.178925	0.0498041	-0.0750884
0.178925	0.0498041	-0.0750884
0.178925	0.0498041	-0.0750884
0.178925	0.0498041	-0.0750884
0.178925	0.0498041	-0.0750884
-0.0594035	-0.0230646	0.393051
-0.0594035	-0.0230646	0.393051
-0.0594035	-0.0230646	0.393051
-0.0594035	-0.0230646	0.393051
-0.0594035	-0.0230646	0.393051
0.49126	-0.723836	-0.220263
0.49126	-0.723836	-0.220263
-0.186488	-0.430777	0.314677
-0.287351	-0.127932	0.807538
-0.0754251	-0.288413	0.730622
-0.420299	-0.63287	0.358831
-0.420299	-0.63287	0.358831
-0.332825	-1.10745	0.254678
-0.346383	-0.573766	0.192693
-0.175221	-0.540242	-0.529669
-0.175221	-0.540242	-0.529669
0.133691	-0.575759	-0.129855
0.133691	-0.575759	-0.129855
0.133691	-0.575759	-0.129855
0.133691	-0.575759	-0.129855
0.133691	-0.575759	-0.129855
0.133691	-0.575759	-0.129855
0.133691	-0.575759	-0.129855
0.133691	-0.575759	-0.129855
-0.136105	-0.481426	0.213273
0.0832902	-0.0957501	-0.432028
0.0832902	-0.0957501	-0.432028
0.0832902	-0.0957501	-0.432028
0.0832902	-0.0957501	-0.432028
0.0832902	-0.0957501	-0.432028
0.0832902	-0.0957501	-0.432028
-0.00405045	-0.191049	-0.444371
-1.00814	-0.301291	-0.129631
-1.00814	-0.301291	-0.129631
-1.00814	-0.301291	-0.129631
-1.35223	-0.813788	-1.12872
-0.12039	-2.77505	-0.957287
-0.12039	-2.77505	-0.957287
-0.325928	-3.3398	-1.2139
-0.408231	-1.80337	-1.4623
-0.408231	-1.80337	-1.4623
0.35722	-2.2735	-0.708374
0.716264	-2.71665	-0.0484357
0.238321	-1.6422	1.64209
-0.243928	-1.75301	1.40547
-0.243928	-1.75301	1.40547
0.767155	-0.999826	0.971736
0.767155	-0.999826	0.971736
0.729917	-1.47772	0.575604
1.49458	-0.143137	0.0959477
1.66921	0.184882	0.26772
1.58368	0.247914	0.674451
1.84676	-0.124741	-0.301836
1.84676	-0.124741	-0.301836
1.33142	-0.896688	0.430545
0.15103	-0.0436968	0.00915845
0.15103	-0.0436968	0.00915845
0.15103	-0.0436968	0.00915845
0.15103	-0.0436968	0.00915845
0.15103	-0.0436968	0.00915845
-0.253937	-0.429156	0.403412
-0.253937	-0.429156	0.403412
-0.253937	-0.429156	0.403412
0.327783	-1.18664	-0.129987
0.327783	-1.18664	-0.129987
0.327783	-1.18664	-0.129987
-0.320808	-0.901351	0.791977
-0.356265	-1.46114	1.60322
-0.356265	-1.46114	1.60322
-0.686913	0.318314	1.47443
-0.686913	0.318314	1.47443
-0.266347	0.556301	0.773343
-0.903182	-0.0127666	0.0221012
-0.903182	-0.0127666	0.0221012
-0.712583	0.447635	0.552123
-0.712583	0.447635	0.552123
-0.712583	0.447635	0.552123
-0.712583	0.447635	0.552123
-0.712583	0.447635	0.552123
-0.712583	0.447635	0.552123
-0.823429	-0.0673844	0.28902
-0.557624	-0.125048	0.039851
-0.557624	-0.125048	0.039851
-0.302813	0.0888888	0.0551799
-0.302813	0.0888888	0.0551799
-0.302813	0.0888888	0.0551799
0.059465	-0.147563	1.05986
0.059465	-0.147563	1.05986
-0.61131	0.444107	0.197274
-1.65175	-0.116218	0.618819
-1.65175	-0.116218	0.618819
-1.33961	0.784115	1.08307
-0.677027	1.30573	0.656517
0.680978	0.528601	1.17061
0.680978	0.528601	1.17061
0.933774	0.321941	0.33898
0.662414	0.0688123	-0.221551
0.662414	0.0688123	-0.221551
-0.00605092	-0.00880157	-0.397921
-0.00605092	-0.00880157	-0.397921
0.0836165	-0.376617	-1.37428
0.0836165	-0.376617	-1.37428
0.702982	-0.218295	-0.529739
-0.666783	0.154208	0.189078
-0.436456	-0.149079	-2.74642e-05
-0.436456	-0.149079	-2.74642e-05
-0.436456	-0.149079	-2.74642e-05
-0.436456	-0.149079	-2.74642e-05
-0.308341	0.491781	0.472922
-0.0125018	-0.0714729	0.301201
-0.0125018	-0.0714729	0.301201
0.815416	0.927704	-0.282045
-0.190284	1.09599	0.192429
-0.190284	1.09599	0.192429
0.672607	0.00466919	0.369107
-0.425264	-0.719966	0.764412
0.832651	-0.423178	0.560281
0.832651	-0.423178	0.560281
0.832651	-0.423178	0.560281
0.868934	-0.849537	0.0683554
-0.471649	-0.56392	0.186641
-0.471649	-0.56392	0.186641
-0.0945852	-0.445871	0.389641
-0.0945852	-0.445871	0.389641
-0.0945852	-0.445871	0.389641
-0.709117	-1.4442	0.934972
-0.709117	-1.4442	0.934972
-0.709117	-1.4442	0.934972
-0.467231	-1.94736	1.02563
0.481488	-1.11502	0.988103
0.593295	-0.980741	-0.255735
0.593295	-0.980741	-0.255735
0.28716	-1.33643	-0.436188
0.22934	-0.418978	-0.851565
0.22934	-0.418978	-0.851565
0.22934	-0.418978	-0.851565
0.473412	-0.335802	-0.491073
0.158827	-0.432596	-1.49196
0.796081	-0.87951	-1.17535
0.796081	-0.87951	-1.17535
-0.572497	-0.43461	-1.01824
-0.54866	-1.38947	-0.230073
-0.54866	-1.38947	-0.230073
-1.15566	-0.870406	0.0322303
-0.525871	0.0326107	0.0665563
-0.525871	0.0326107	0.0665563
-0.525871	0.0326107	0.0665563
-0.525871	0.0326107	0.0665563
-0.525871	0.0326107	0.0665563
-1.1264	0.148493	0.218531
-1.1264	0.148493	0.218531
-0.383276	-0.192623	-0.339944
-0.383276	-0.192623	-0.339944
-0.383276	-0.192623	-0.339944
-0.383276	-0.192623	-0.339944
-0.383276	-0.192623	-0.339944
-0.561006	0.265841	-0.165381
-0.561006	0.265841	-0.165381
-0.561006	0.265841	-0.165381
-0.561006	0.265841	-0.165381
-0.561006	0.265841	-0.165381
-0.881671	-0.244412	0.286066
-0.881671	-0.244412	0.286066
-0.232899	-0.609353	-0.127115
-0.232899	-0.609353	-0.127115
-0.232899	-0.609353	-0.127115
-0.0532604	-0.394938	-0.534653
0.175894	0.657342	-0.754426
-0.502078	1.67643	-0.585993
-0.502078	1.67643	-0.585993
-0.677405	2.23583	-0.192224
-0.0606667	2.5009	0.905679
-0.0606667	2.5009	0.905679
-0.684013	2.61718	1.18961
0.803183	2.80306	0.860659
0.803183	2.80306	0.860659
0.803183	2.80306	0.860659
0.500039	2.1509	1.75388
0.500039	2.1509	1.75388
0.273673	1.46831	1.53036
1.55386	0.0143792	1.10451
1.46771	0.375557	1.44434
0.626104	0.324074	0.86806
0.626104	0.324074	0.86806
0.626104	0.324074	0.86806
0.0457107	-0.263876	0.240802
0.0457107	-0.263876	0.240802
0.0457107	-0.263876	0.240802
-0.159435	-0.0158705	1.64808
-0.159435	-0.0158705	1.64808
-0.159435	-0.0158705	1.64808
0.540434	0.159243	0.587489
0.540434	0.159243	0.587489
0.540434	0.159243	0.587489
-0.0377827	0.0322691	1.21135
-0.112537	0.120484	0.0295206
-0.112537	0.120484	0.0295206
-0.112537	0.120484	0.0295206
-0.112537	0.120484	0.0295206
0.35131	-0.121482	0.0840018
0.35131	-0.121482	0.0840018
0.808563	0.271695	0.626631
0.808563	0.271695	0.626631
0.808563	0.271695	0.626631
-0.0139889	-0.395542	1.39323
0.431554	0.0621635	0.59646
0.431554	0.0621635	0.59646
0.815231	0.210177	0.582613
-0.0603378	0.0171664	0.817722
-0.0603378	0.0171664	0.817722
0.40399	-0.056323	0.546693
0.40399	-0.056323	0.546693
0.40399	-0.056323	0.546693
0.40399	-0.056323	0.546693
-1.28194	-0.643291	0.356269
-1.1415	-0.844974	0.881077
-1.15117	-1.07683	-0.267173
-1.22331	-0.529427	0.409016
-1.28093	-0.48561	1.02979
-1.37568	-0.872071	0.458261
-0.931091	-1.05495	0.682879
-0.807715	-0.476178	0.867721
-0.670972	0.550737	1.16327
-1.02433	0.699359	1.26083
-0.923542	0.415014	1.96941
-0.923542	0.415014	1.96941
-0.923542	0.415014	1.96941
-1.59723	0.85109	2.06879
0.142809	1.88117	1.03897
0.91051	0.635122	1.23224
0.91051	0.635122	1.23224
1.22649	0.491689	1.81802
0.790234	1.35494	0.94594
0.790234	1.35494	0.94594
0.964109	1.50725	-0.0319783
-0.233262	1.1407	-0.557247
-0.685324	0.15659	-0.58014
-0.625219	0.675879	-0.427808
-0.625219	0.675879	-0.427808
-0.625219	0.675879	-0.427808
-0.571271	-0.579073	-0.219551
-0.571271	-0.579073	-0.219551
-0.941164	0.11875	-0.064364
-0.941164	0.11875	-0.064364
-0.941164	0.11875	-0.064364
-0.941164	0.11875	-0.064364
0.269477	0.143263	0.549531
0.269477	0.143263	0.549531
0.269477	0.143263	0.549531
0.269477	0.143263	0.549531
0.565237	-0.511108	0.245278
0.565237	-0.511108	0.245278
0.565237	-0.511108	0.245278
0.565237	-0.511108	0.245278
0.548925	0.0188284	-0.074288
0.548925	0.0188284	-0.074288
0.548925	0.0188284	-0.074288
0.548925	0.0188284	-0.074288
0.548925	0.0188284	-0.074288
0.548925	0.0188284	-0.074288
0.548925	0.0188284	-0.074288
0.548925	0.0188284	-0.074288
0.548925	0.0188284	-0.074288
0.548925	0.0188284	-0.074288
0.257846	-0.326084	0.111012
0.257846	-0.326084	0.111012
0.257846	-0.326084	0.111012
0.257846	-0.326084	0.111012
0.257846	-0.326084	0.111012
0.257846	-0.326084	0.111012
0.191497	-0.761298	0.333066
0.191497	-0.761298	0.333066
0.191497	-0.761298	0.333066
0.191497	-0.761298	0.333066
0.191497	-0.761298	0.333066
-0.0529888	0.510289	0.963134
-0.719718	0.174488	0.465692
0.134686	-0.300866	-0.571598
0.134686	-0.300866	-0.571598
0.134686	-0.300866	-0.571598
0.134686	-0.300866	-0.571598
0.134686	-0.300866	-0.571598
0.134686	-0.300866	-0.571598
0.358022	0.467603	0.260281
0.358022	0.467603	0.260281
0.358022	0.467603	0.260281
0.535452	0.712169	0.599505
0.535452	0.712169	0.599505
0.295678	1.45956	0.932014
0.295678	1.45956	0.932014
-0.529427	1.33716	0.499049
-1.00217	1.22408	0.482544
-1.00217	1.22408	0.482544
-1.00217	1.22408	0.482544
-1.00217	1.22408	0.482544
-0.172949	1.33893	0.785537
1.8124	0.319181	0.367253
1.8124	0.319181	0.367253
1.46138	0.593304	-0.580417
1.46138	0.593304	-0.580417
1.46138	0.593304	-0.580417
1.30212	0.0418051	0.25045
1.30212	0.0418051	0.25045
1.14195	0.238057	-0.920865
0.644424	0.0288153	-0.948004
0.2585	0.938913	-0.679581
0.377865	0.0563804	-0.470676
-0.172552	-0.363128	-0.662862
-0.172552	-0.363128	-0.662862
-0.172552	-0.363128	-0.662862
-0.172552	-0.363128	-0.662862
0.666014	0.185898	-0.135415
0.666014	0.185898	-0.135415
0.666014	0.185898	-0.135415
0.00583482	-0.867013	0.312946
0.00583482	-0.867013	0.312946
0.00583482	-0.867013	0.312946
0.00583482	-0.867013	0.312946
-0.207789	-0.79518	0.35718
-0.207789	-0.79518	0.35718
-0.207789	-0.79518	0.35718
-0.207789	-0.79518	0.35718
-0.207789	-0.79518	0.35718
-0.842216	-0.790594	-0.64674
-0.842216	-0.790594	-0.64674
-0.842216	-0.790594	-0.64674
0.0816247	-0.25691	-0.603042
0.0816247	-0.25691	-0.603042
0.0816247	-0.25691	-0.603042
0.0816247	-0.25691	-0.603042
0.0816247	-0.25691	-0.603042
0.0816247	-0.25691	-0.603042
0.0816247	-0.25691	-0.603042
-0.466102	0.0915784	-1.26228
0.706589	0.675601	-0.647048
0.706589	0.675601	-0.647048
0.022062	1.11555	-0.0871031
0.0474913	0.638403	0.428272
1.10031	0.138609	0.482499
1.10031	0.138609	0.482499
0.459293	-0.124636	1.62149
0.820282	-0.202385	1.31496
0.820282	-0.202385	1.31496
0.886178	-0.120781	0.611985
0.886178	-0.120781	0.611985
-1.05746	0.139961	0.695537
-1.05746	0.139961	0.695537
-1.05746	0.139961	0.695537
-0.684134	-0.825947	0.272291
-0.684134	-0.825947	0.272291
-0.684134	-0.825947	0.272291
-0.310483	-0.140249	0.676891
-0.310483	-0.140249	0.676891
0.416518	-0.128611	0.36652
0.416518	-0.128611	0.36652
0.416518	-0.128611	0.36652
-0.158971	-0.200302	-0.136569
-0.158971	-0.200302	-0.136569
-0.158971	-0.200302	-0.136569
-0.158971	-0.200302	-0.136569
-0.158971	-0.200302	-0.136569
-0.158971	-0.200302	-0.136569
0.0361085	-0.00682076	-0.307652
0.0361085	-0.00682076	-0.307652
0.0361085	-0.00682076	-0.307652
0.0361085	-0.00682076	-0.307652
0.0361085	-0.00682076	-0.307652
0.0361085	-0.00682076	-0.307652
0.0361085	-0.00682076	-0.307652
-0.214865	0.809223	-0.702352
-0.0527537	-0.288436	-0.712827
-0.0527537	-0.288436	-0.712827
-0.0527537	-0.288436	-0.712827
0.342267	-0.539711	-0.47159
0.342267	-0.539711	-0.47159
0.342267	-0.539711	-0.47159
0.342267	-0.539711	-0.47159
0.342267	-0.539711	-0.47159
-0.291107	-0.705785	-0.181531
-0.291107	-0.705785	-0.181531
-0.291107	-0.705785	-0.181531
0.411788	-1.04727	1.10401
0.411788	-1.04727	1.10401
-0.728097	-0.820229	0.398799
-0.728097	-0.820229	0.398799
-0.542656	-0.406317	0.798423
0.169325	0.817471	-0.0321252
-0.250463	0.599236	-0.533508
-0.250463	0.599236	-0.533508
-0.250463	0.599236	-0.533508
-0.250463	0.599236	-0.533508
-0.250463	0.599236	-0.533508
-0.250463	0.599236	-0.533508
0.520811	0.290811	0.52664
1.08682	-0.0605166	0.141129
1.08682	-0.0605166	0.141129
-0.34855	0.445315	0.601896
-0.34855	0.445315	0.601896
-0.34855	0.445315	0.601896
0.3214	0.0496927	0.554112
0.3214	0.0496927	0.554112
0.528643	-0.404305	-0.75566
0.652586	-0.57989	-0.884628
0.652586	-0.57989	-0.884628
-0.151481	-1.84811	-0.474976
-0.151481	-1.84811	-0.474976
-0.532627	-2.05114	-2.07653
0.347522	-1.12044	-1.77204
-0.564286	0.0406538	0.0108721
-0.564286	0.0406538	0.0108721
-0.595476	-0.226306	0.114292
-0.595476	-0.226306	0.114292
-0.356391	0.0608156	0.181966
-0.356391	0.0608156	0.181966
0.0846428	0.155436	1.02561
0.0846428	0.155436	1.02561
-0.62706	0.803285	0.26319
-0.62706	0.803285	0.26319
-0.62706	0.803285	0.26319
-0.368363	0.525358	-0.297702
-0.368363	0.525358	-0.297702
-0.25865	0.464232	0.317235
-0.25865	0.464232	0.317235
-0.25865	0.464232	0.317235
0.474469	0.435982	0.0310045
0.474469	0.435982	0.0310045
0.474469	0.435982	0.0310045
0.474469	0.435982	0.0310045
-0.170475	-0.557676	0.00410496
-0.310474	0.402417	0.771081
0.2214	-0.14211	0.733555
0.0311418	0.00407548	1.10144
-0.325848	-0.11908	1.35601
-0.109456	0.631737	0.854701
-0.109456	0.631737	0.854701
0.0571875	-0.0617415	0.345138
0.558503	-0.933889	0.667102
0.558503	-0.933889	0.667102
0.228797	-2.05721	1.37889
0.910677	-2.78696	0.348745
1.0339	-2.24037	-0.540825
1.0339	-2.24037	-0.540825
1.97701	-2.20863	0.0629244
1.85196	-1.95837	-1.33323
1.85196	-1.95837	-1.33323
0.234106	-0.846012	-1.10962
-0.339613	-0.800184	-2.29712
-0.339613	-0.800184	-2.29712
-0.339613	-0.800184	-2.29712
-0.114032	-1.5607	-2.25708
-0.932403	-1.43797	-2.70499
-0.932403	-1.43797	-2.70499
0.259966	-1.62908	-2.48315
0.459979	-0.0941971	-2.56221
0.459979	-0.0941971	-2.56221
0.565744	1.06539	-1.6542
-0.0857101	1.32639	-1.21573
0.298674	1.19397	-1.25673
0.298674	1.19397	-1.25673
-0.657685	0.771895	-1.58577
-0.969075	0.481526	-1.81278
0.0159965	0.804645	-2.54642
0.11487	1.15461	-3.25746
0.11487	1.15461	-3.25746
0.567986	0.918861	-2.85004
-0.0222483	0.712431	-3.47062
0.00194075	0.921583	-3.64689
-0.0598275	0.688423	-3.3468
-0.0598275	0.688423	-3.3468
0.757916	0.943212	-2.27368
0.308513	1.26037	-2.35029
0.777744	2.25072	-2.51731
0.855039	1.94369	-1.99982
0.855039	1.94369	-1.99982
0.731121	1.05313	-1.8934
0.948914	0.785543	-0.861675
1.09242	0.198241	0.194996
1.09242	0.198241	0.194996
-0.651333	0.517585	-0.229421
-0.651333	0.517585	-0.229421
-0.651333	0.517585	-0.229421
0.421461	0.317315	-0.644109
0.250595	-0.210795	0.64139
0.0062074	0.264388	0.904998
0.0062074	0.264388	0.904998
-0.0865373	-0.906004	-0.390388
-0.0865373	-0.906004	-0.390388
-0.0865373	-0.906004	-0.390388
-0.0865373	-0.906004	-0.390388
0.369416	-1.33488	0.1456
0.189693	-0.948777	0.605346
-0.18544	-0.466696	-0.762622
-0.18544	-0.466696	-0.762622
0.669256	0.0927837	-0.361663
0.669256	0.0927837	-0.361663
0.669256	0.0927837	-0.361663
0.669256	0.0927837	-0.361663
0.669256	0.0927837	-0.361663
0.661078	0.19156	0.320612
0.661078	0.19156	0.320612
0.661078	0.19156	0.320612
0.661078	0.19156	0.320612
0.661078	0.19156	0.320612
0.374168	0.921763	0.208258
0.374168	0.921763	0.208258
0.250502	-0.0967742	0.851823
0.250502	-0.0967742	0.851823
0.250502	-0.0967742	0.851823
0.221131	-0.56181	0.968844
0.221131	-0.56181	0.968844
-0.203766	-1.29685	-0.27613
-0.203766	-1.29685	-0.27613
-0.423355	-1.10085	0.178427
-0.423355	-1.10085	0.178427
-0.423355	-1.10085	0.178427
0.5549	-0.749174	-0.225005
0.5549	-0.749174	-0.225005
-0.065317	-1.16195	-0.555837
-0.065317	-1.16195	-0.555837
-0.917976	-0.912187	-0.0292215
-0.917976	-0.912187	-0.0292215
-1.12786	-0.320296	-0.806733
-0.680994	-0.681035	-1.08405
-0.627349	-0.298558	-0.511241
-0.627349	-0.298558	-0.511241
-0.627349	-0.298558	-0.511241
-0.627349	-0.298558	-0.511241
