x	y	z
19.0566	20.9696	19.4094
19.8216	20.8863	19.5862
19.3526	20.6817	19.4668
19.7172	19.9897	18.6699
18.9907	19.4439	18.9479
17.8521	19.1491	18.0281
17.8521	19.1491	18.0281
16.8486	19.8347	17.9744
16.3715	19.8268	17.8803
16.1049	19.3396	18.2381
15.6813	20.474	17.7346
15.9358	20.2443	17.0819
15.9121	20.0988	17.3556
15.9121	20.0988	17.3556
15.9121	20.0988	17.3556
15.1737	20.0256	17.7466
14.5289	19.2599	17.3692
14.5289	19.2599	17.3692
14.9272	19.9297	17.3783
14.9272	19.9297	17.3783
14.0442	19.5321	17.955
14.0442	19.5321	17.955
13.2438	18.6787	17.9542
13.2116	17.5925	16.735
13.2887	16.4464	17.4765
14.4908	16.1602	17.8189
13.4601	15.7	19.0065
13.9362	14.6775	18.9696
13.6234	15.5594	17.8143
13.6234	15.5594	17.8143
13.0007	15.6926	17.5098
11.7748	15.4696	17.5031
11.2206	16.432	18.2406
10.6162	17.2822	17.0446
10.8539	17.9778	16.2893
9.98961	17.1505	15.1185
9.98961	17.1505	15.1185
9.98961	17.1505	15.1185
8.81862	16.8846	13.9882
8.85056	16.3439	12.7515
8.85056	16.3439	12.7515
8.85056	16.3439	12.7515
10.0312	15.3394	12.9363
10.1782	15.6917	12.5247
10.1782	15.6917	12.5247
9.35488	15.2911	13.2303
9.28159	16.2709	12.38
9.28159	16.2709	12.38
9.28159	16.2709	12.38
8.96119	15.1205	13.1201
9.03375	14.0946	14.1449
9.03375	14.0946	14.1449
8.33311	13.6007	14.3049
8.33311	13.6007	14.3049
8.60597	13.9728	15.2615
7.4883	12.9949	14.2841
8.26737	13.4637	13.1562
9.09533	13.5269	12.0125
10.0636	13.815	10.8982
10.0636	13.815	10.8982
9.86987	12.8746	11.3703
10.213	12.9227	10.5561
10.213	12.9227	10.5561
10.213	12.9227	10.5561
11.3127	13.663	9.4082
10.825	14.3612	8.45184
10.825	14.3612	8.45184
11.9386	13.4944	8.74126
11.9386	13.4944	8.74126
11.6514	13.9613	7.86333
11.6514	13.9613	7.86333
12.229	12.8767	8.39621
12.9627	12.9691	8.18939
12.8475	12.0119	9.02122
12.6438	12.074	8.33811
12.6438	12.074	8.33811
13.4838	11.0667	7.57743
12.7584	9.90181	7.72692
11.6416	9.65534	7.71851
11.6153	9.85676	8.20272
11.6153	9.85676	8.20272
10.7364	9.62513	9.23865
11.3334	9.53999	10.4035
11.3334	9.53999	10.4035
10.7923	10.2617	10.0294
10.7394	10.5956	9.95933
10.5988	11.3101	9.47999
10.5988	11.3101	9.47999
10.4727	10.6847	8.8138
10.337	9.78359	7.88479
10.337	9.78359	7.88479
10.112	9.99906	8.05072
11.235	9.84178	7.05285
11.235	9.84178	7.05285
11.2966	8.74318	5.87012
11.2966	8.74318	5.87012
10.7642	9.38085	6.00357
9.58637	9.84967	7.07872
9.14308	8.7971	8.00594
9.14308	8.7971	8.00594
8.0095	8.93188	8.69341
8.0095	8.93188	8.69341
7.59608	8.23818	8.4938
7.8368	7.23841	9.62012
7.8368	7.23841	9.62012
7.8368	7.23841	9.62012
7.8368	7.23841	9.62012
7.8368	7.23841	9.62012
7.8368	7.23841	9.62012
7.26688	6.33943	10.3151
7.26688	6.33943	10.3151
8.22668	5.50593	9.08104
8.06499	4.81453	9.88267
8.7498	3.79629	8.93992
8.7498	3.79629	8.93992
8.42107	3.25282	9.67481
8.42107	3.25282	9.67481
8.79204	2.61763	8.44066
8.79204	2.61763	8.44066
9.58513	3.35819	7.74276
9.58513	3.35819	7.74276
10.4191	2.66032	6.59753
9.18533	2.49138	6.97793
8.22262	1.39686	8.05412
7.30594	2.5103	8.0036
6.11924	3.6897	7.51748
6.11924	3.6897	7.51748
5.80425	3.43322	6.29482
5.35701	3.74118	6.46142
4.30401	3.99141	6.62831
3.92721	3.53733	5.91764
3.92721	3.53733	5.91764
3.64025	3.13077	6.36072
3.94241	3.94957	5.53197
5.09484	3.38264	5.44155
4.34685	2.95338	5.92016
4.34685	2.95338	5.92016
3.18818	3.72311	6.31417
3.18818	3.72311	6.31417
3.60623	4.44332	5.26977
2.79132	3.93738	4.75416
2.79132	3.93738	4.75416
2.79132	3.93738	4.75416
2.79132	3.93738	4.75416
2.51596	4.63413	3.83111
2.51596	4.63413	3.83111
2.50487	4.1277	3.44341
2.59736	4.11351	2.3585
2.59736	4.11351	2.3585
2.59736	4.11351	2.3585
2.96397	4.31296	2.83949
1.78508	3.52543	3.80696
2.20745	4.10821	2.59683
2.34295	4.03755	2.78485
2.34295	4.03755	2.78485
2.34295	4.03755	2.78485
2.96384	3.19237	1.65875
2.96384	3.19237	1.65875
2.96384	3.19237	1.65875
3.10148	2.87073	1.90916
2.29502	2.68839	2.68213
2.29502	2.68839	2.68213
2.98044	1.72915	2.58617
1.91998	0.651081	2.91981
0.692404	-0.241094	3.06255
0.692404	-0.241094	3.06255
0.692404	-0.241094	3.06255
-0.0606611	-1.25383	2.6819
-1.05569	-1.84495	3.1488
-0.879887	-1.00869	2.68707
-0.879887	-1.00869	2.68707
-0.879887	-1.00869	2.68707
-0.879887	-1.00869	2.68707
-0.547694	-0.648239	2.08598
0.570182	-0.0458078	2.40956
-0.116374	-0.502567	1.79983
-0.410541	-0.548393	1.57813
0.342326	0.117402	2.28797
1.06342	0.0880496	1.31764
0.238636	0.121983	0.60993
0.238636	0.121983	0.60993
0.238636	0.121983	0.60993
-0.426967	-0.649312	0.497025
-0.426967	-0.649312	0.497025
-0.426967	-0.649312	0.497025
-0.426967	-0.649312	0.497025
-0.426967	-0.649312	0.497025
-0.426967	-0.649312	0.497025
-0.426967	-0.649312	0.497025
-0.426967	-0.649312	0.497025
-0.857566	0.35405	0.0498556
0.151155	0.482273	0.289896
0.151155	0.482273	0.289896
0.151155	0.482273	0.289896
-0.574063	-0.196643	0.194276
-0.574063	-0.196643	0.194276
0.20612	-1.00851	0.4061
0.20612	-1.00851	0.4061
-0.224848	0.111288	0.920585
-0.224848	0.111288	0.920585
-0.224848	0.111288	0.920585
-0.224848	0.111288	0.920585
-0.224848	0.111288	0.920585
-0.224848	0.111288	0.920585
0.0990576	0.0163624	0.000794048
0.0990576	0.0163624	0.000794048
0.0990576	0.0163624	0.000794048
0.722502	-0.499584	-0.453748
0.722502	-0.499584	-0.453748
0.722502	-0.499584	-0.453748
0.722502	-0.499584	-0.453748
0.722502	-0.499584	-0.453748
1.71015	-0.51802	-0.287139
0.726824	-1.07287	0.700991
0.199066	-1.73701	0.683037
0.199066	-1.73701	0.683037
-0.128791	-0.752667	1.09429
-0.128791	-0.752667	1.09429
-0.302456	-0.0834948	0.120811
-0.302456	-0.0834948	0.120811
-0.302456	-0.0834948	0.120811
-0.302456	-0.0834948	0.120811
-0.302456	-0.0834948	0.120811
-0.302456	-0.0834948	0.120811
-0.302456	-0.0834948	0.120811
-0.302456	-0.0834948	0.120811
-0.651824	-1.23247	1.34494
-0.651824	-1.23247	1.34494
-0.6843	-0.0257759	0.160753
-0.6843	-0.0257759	0.160753
-0.6843	-0.0257759	0.160753
-0.243702	-0.644578	-0.793894
-0.243702	-0.644578	-0.793894
-0.243702	-0.644578	-0.793894
-0.360987	-1.34055	0.258342
-0.312871	-0.510714	0.623354
-0.312871	-0.510714	0.623354
-0.312871	-0.510714	0.623354
-1.26288	-0.614322	-0.464326
-0.737297	0.00187768	-1.32254
-0.737297	0.00187768	-1.32254
-1.65434	-0.581911	-2.21347
-1.65434	-0.581911	-2.21347
-1.40178	-0.39119	-2.34491
-1.40178	-0.39119	-2.34491
-1.40178	-0.39119	-2.34491
-1.68244	-0.842882	-1.17976
-1.34379	-0.780363	-0.0316345
-0.628121	-0.0475009	0.420254
-0.628121	-0.0475009	0.420254
0.292732	-0.716611	0.0725067
0.461676	-0.659524	-0.0372159
0.216681	0.0611324	-0.101587
0.216681	0.0611324	-0.101587
0.216681	0.0611324	-0.101587
0.216681	0.0611324	-0.101587
0.216681	0.0611324	-0.101587
0.216681	0.0611324	-0.101587
-0.201766	-1.17541	0.027423
-0.201766	-1.17541	0.027423
0.640659	-0.183705	-1.08092
0.909812	1.01637	-1.06109
0.909812	1.01637	-1.06109
-0.125084	0.458169	-0.916699
-0.288947	0.911647	-0.614206
-0.288947	0.911647	-0.614206
-0.288947	0.911647	-0.614206
-1.33847	0.336142	0.625309
-1.71572	-0.22287	1.19112
-0.48262	-1.33057	0.416991
0.370539	-1.307	0.55158
0.370539	-1.307	0.55158
0.370539	-1.307	0.55158
0.370539	-1.307	0.55158
0.370539	-1.307	0.55158
1.1069	-0.939688	0.31305
1.1069	-0.939688	0.31305
1.1069	-0.939688	0.31305
0.994271	0.0560709	0.0627636
0.994271	0.0560709	0.0627636
0.994271	0.0560709	0.0627636
1.51148	0.244935	0.86559
1.09531	-0.699074	1.34045
1.09531	-0.699074	1.34045
0.631068	-0.718187	2.19664
0.631068	-0.718187	2.19664
1.05563	-0.596486	1.6043
2.19007	0.579356	1.36393
2.19007	0.579356	1.36393
2.19007	0.579356	1.36393
2.19007	0.579356	1.36393
1.00406	-0.161501	1.23687
-0.0250282	-0.240536	1.41582
0.865901	0.187428	1.64982
1.64838	0.403045	1.47328
1.33566	1.60539	0.695178
0.680674	0.825189	0.287941
-0.565784	0.193731	1.50949
-0.828175	-1.03068	1.61269
-1.56914	-0.445291	0.579375
-1.33438	-0.513542	0.256294
-0.786135	0.179473	0.29961
-0.0028638	-0.549844	1.25917
0.0261962	-1.42577	0.231829
0.0261962	-1.42577	0.231829
-1.21774	-1.64996	0.56882
-1.70446	-2.20803	0.437864
-0.781942	-2.32192	0.739461
-0.781942	-2.32192	0.739461
-0.175542	-2.087	1.04607
-1.23376	-1.58295	1.04036
-1.23376	-1.58295	1.04036
-0.00992288	-1.25865	0.50889
0.271027	-0.781438	1.21477
0.000880696	-1.72065	1.05285
0.438551	-1.98891	-0.0489849
0.438551	-1.98891	-0.0489849
0.438551	-1.98891	-0.0489849
0.438551	-1.98891	-0.0489849
0.635459	-1.63755	-0.00415423
0.635459	-1.63755	-0.00415423
0.861279	-2.84631	1.06802
0.861279	-2.84631	1.06802
2.05616	-1.97916	1.39776
1.31447	-0.963488	0.148989
1.31447	-0.963488	0.148989
1.31447	-0.963488	0.148989
1.31447	-0.963488	0.148989
1.96366	0.123942	-0.93197
2.09785	0.84951	-0.221523
1.24097	2.02738	-1.44915
0.0887503	2.53848	-0.748966
0.0903157	3.0245	0.19905
-0.176829	3.88597	0.174551
-0.176829	3.88597	0.174551
-0.0537009	2.88222	1.26409
0.0874011	3.56585	0.616092
-0.549898	2.34915	0.922837
-0.0267075	2.77276	-0.0414922
-0.0267075	2.77276	-0.0414922
0.440346	2.20109	-0.113168
0.440346	2.20109	-0.113168
1.22335	1.38996	1.02076
1.70072	2.36282	0.184472
1.48048	1.91051	1.31708
0.881243	2.16801	0.465151
0.881243	2.16801	0.465151
0.881243	2.16801	0.465151
0.959497	2.78434	-0.725891
0.580107	2.8328	0.274968
0.580107	2.8328	0.274968
1.51692	2.59329	0.873621
1.51692	2.59329	0.873621
1.51692	2.59329	0.873621
2.45191	2.7182	1.02124
1.51201	2.96759	1.63101
0.742503	3.00173	0.678211
0.742503	3.00173	0.678211
0.25564	2.58534	1.38022
0.583787	1.61592	1.36143
-0.376385	1.97463	1.22697
-0.365385	1.73706	0.742706
-0.365385	1.73706	0.742706
-0.365385	1.73706	0.742706
-0.365385	1.73706	0.742706
-1.47192	1.12532	0.294108
-1.47192	1.12532	0.294108
-1.47192	1.12532	0.294108
-1.47192	1.12532	0.294108
-1.47192	1.12532	0.294108
-1.47192	1.12532	0.294108
-1.47192	1.12532	0.294108
-1.47192	1.12532	0.294108
-1.58308	0.870993	-0.458264
-1.58308	0.870993	-0.458264
-1.00463	0.112687	-1.33931
-1.00463	0.112687	-1.33931
-0.226586	-0.549706	-2.56875
-1.02767	-0.548365	-2.76154
-1.00139	-0.248457	-3.29982
-1.17243	-0.381505	-3.72483
-1.86019	0.526652	-4.23047
-1.85099	1.40336	-5.41629
-2.96055	0.409904	-5.10297
-2.96055	0.409904	-5.10297
-3.54122	-0.011449	-5.28041
-3.54122	-0.011449	-5.28041
-3.54122	-0.011449	-5.28041
-3.72612	-0.945919	-4.37843
-3.87281	-1.12504	-3.96174
-3.87281	-1.12504	-3.96174
-3.81241	-0.163776	-3.97764
-4.25484	-0.485189	-3.37337
-4.56693	0.615214	-4.4176
-4.56693	0.615214	-4.4176
-5.16214	0.737536	-3.65512
-5.16214	0.737536	-3.65512
-5.16214	0.737536	-3.65512
-4.63152	0.708104	-3.97472
-4.85662	0.645591	-3.53971
-4.85662	0.645591	-3.53971
-4.10818	1.13354	-4.14835
-3.23376	-0.0865745	-4.35993
-3.28699	-0.959734	-3.14386
-2.49461	-0.638494	-2.29232
-1.27353	-0.254277	-2.6333
-0.983413	-1.19165	-2.52465
-0.765117	-1.45664	-1.6433
-0.522381	-0.578467	-0.531239
-0.582809	-0.0278379	-0.454538
-0.318415	0.849759	-0.014381
-0.318415	0.849759	-0.014381
-0.318415	0.849759	-0.014381
-0.11594	0.777122	-0.531713
-0.11594	0.777122	-0.531713
-0.11594	0.777122	-0.531713
-0.11594	0.777122	-0.531713
-0.11594	0.777122	-0.531713
-0.11594	0.777122	-0.531713
0.872966	-0.370703	0.272818
0.872966	-0.370703	0.272818
-0.00970995	-0.111785	-0.679325
-0.00970995	-0.111785	-0.679325
-0.00970995	-0.111785	-0.679325
-0.00970995	-0.111785	-0.679325
-0.00970995	-0.111785	-0.679325
-0.00970995	-0.111785	-0.679325
-0.00970995	-0.111785	-0.679325
-0.543842	-0.456765	-0.275618
0.406031	-1.37119	0.1335
0.29957	-1.25899	-1.07091
1.44388	-1.18678	-0.191353
1.15562	-1.43796	-1.43992
0.020191	-0.30258	-2.47825
-0.501939	-0.858747	-1.93223
-1.56947	-0.0188192	-1.33196
-1.56947	-0.0188192	-1.33196
-0.908372	-0.788832	-0.532027
-0.945252	-2.01285	-0.954432
0.132711	-1.94532	0.217459
-0.129514	-2.02404	-0.640063
0.68933	-1.17542	0.32331
0.68933	-1.17542	0.32331
0.68933	-1.17542	0.32331
-0.437859	-2.00963	-0.241198
0.662257	-1.16832	0.625953
0.662257	-1.16832	0.625953
0.662257	-1.16832	0.625953
0.662257	-1.16832	0.625953
0.662257	-1.16832	0.625953
-0.437653	-2.0666	-0.44354
-0.437653	-2.0666	-0.44354
0.291107	-0.825897	-0.145412
0.291107	-0.825897	-0.145412
0.291107	-0.825897	-0.145412
-0.587883	-0.0503484	0.681777
-0.016263	-0.230988	-0.0449569
-0.016263	-0.230988	-0.0449569
-0.016263	-0.230988	-0.0449569
-0.016263	-0.230988	-0.0449569
-0.016263	-0.230988	-0.0449569
-0.016263	-0.230988	-0.0449569
-0.016263	-0.230988	-0.0449569
-0.016263	-0.230988	-0.0449569
-0.016263	-0.230988	-0.0449569
-0.016263	-0.230988	-0.0449569
-0.016263	-0.230988	-0.0449569
-0.016263	-0.230988	-0.0449569
-0.016263	-0.230988	-0.0449569
-0.0138999	0.728009	-1.18589
0.485751	0.130182	-1.41404
0.485751	0.130182	-1.41404
0.485751	0.130182	-1.41404
0.485751	0.130182	-1.41404
-0.0122239	-0.408441	-0.365586
-0.0122239	-0.408441	-0.365586
-0.0122239	-0.408441	-0.365586
-0.0122239	-0.408441	-0.365586
-0.0122239	-0.408441	-0.365586
-0.0122239	-0.408441	-0.365586
-0.0122239	-0.408441	-0.365586
-0.0122239	-0.408441	-0.365586
-0.0122239	-0.408441	-0.365586
-0.0122239	-0.408441	-0.365586
-0.558876	-0.347491	-0.0924791
-0.128418	-0.303393	0.17084
0.942435	-0.314342	0.0925031
-0.0225411	-1.48862	0.242726
-0.594848	-1.50178	0.0107146
-0.594848	-1.50178	0.0107146
-1.68357	-0.540814	0.865019
-1.68357	-0.540814	0.865019
-2.45702	-0.42675	-0.234501
-2.92557	0.0213226	0.186742
-2.92557	0.0213226	0.186742
-3.80088	0.684041	0.74499
-2.5745	-0.279986	1.91024
-2.70335	-1.41743	1.28728
-2.77441	-0.255325	1.13101
-2.1481	-0.128191	0.783443
-2.1481	-0.128191	0.783443
-0.925726	-0.898693	0.135621
-1.23184	-0.986265	0.413343
-1.88652	-0.961699	1.12354
-1.56419	0.0781599	0.518627
-1.56419	0.0781599	0.518627
-1.56419	0.0781599	0.518627
-1.61863	0.660244	0.702701
-1.61863	0.660244	0.702701
-1.56926	1.48298	1.68237
-1.66563	0.578861	1.35957
-1.23723	1.15916	0.680362
-1.23723	1.15916	0.680362
-1.14948	0.757387	-0.467707
-1.61747	0.479184	-0.846504
-0.368098	0.0390729	-1.25575
-0.724136	-0.0263579	-0.519109
-0.724136	-0.0263579	-0.519109
0.316007	-1.11437	0.0567913
-0.612088	-1.86961	-1.17054
0.580802	-0.786007	-1.92416
1.27413	0.34443	-1.61227
1.27413	0.34443	-1.61227
1.21755	-0.649595	-1.78994
1.21755	-0.649595	-1.78994
1.21755	-0.649595	-1.78994
1.21755	-0.649595	-1.78994
1.21755	-0.649595	-1.78994
1.21755	-0.649595	-1.78994
1.3656	-0.0901488	-1.51705
1.2721	-0.134299	-2.6574
0.258811	0.256954	-1.44101
-0.979966	-0.838643	-0.677541
-0.979966	-0.838643	-0.677541
-1.01747	-0.708325	-0.332011
0.10569	-0.733061	0.650601
-0.835303	-0.938683	0.572391
-0.23099	-0.412668	1.70631
0.85404	-1.61087	0.48527
1.4627	-2.15404	0.73443
1.63985	-1.21512	1.37499
1.59881	-0.54481	0.528699
1.42688	0.603287	0.192538
1.71989	0.630393	0.0490647
0.486033	-0.166685	0.804673
-0.664705	-0.651292	-0.270358
0.119252	0.157676	-1.27619
0.119252	0.157676	-1.27619
0.119252	0.157676	-1.27619
0.316298	0.807829	-0.126262
0.316298	0.807829	-0.126262
0.316298	0.807829	-0.126262
0.316298	0.807829	-0.126262
0.316298	0.807829	-0.126262
0.316298	0.807829	-0.126262
-0.0818007	0.763464	0.244243
-0.0818007	0.763464	0.244243
-0.0818007	0.763464	0.244243
0.196905	0.221285	0.798204
0.196905	0.221285	0.798204
0.196905	0.221285	0.798204
0.196905	0.221285	0.798204
-0.300102	0.45671	0.346239
0.320333	0.467223	-0.219353
0.320333	0.467223	-0.219353
0.636536	-0.531107	0.807041
-0.237563	-1.20558	1.72788
-0.813956	-1.10055	2.62283
-0.234161	-0.267607	3.36994
-0.234161	-0.267607	3.36994
-0.234161	-0.267607	3.36994
-0.234161	-0.267607	3.36994
0.234591	-0.839903	2.35531
0.38898	0.320413	1.53375
0.403856	1.26334	1.16151
0.609271	1.18637	-0.0144102
0.609271	1.18637	-0.0144102
0.260192	0.252287	-0.875131
0.260192	0.252287	-0.875131
0.260192	0.252287	-0.875131
0.260192	0.252287	-0.875131
0.260192	0.252287	-0.875131
0.260192	0.252287	-0.875131
0.260192	0.252287	-0.875131
0.174333	-0.721089	-0.625862
0.174333	-0.721089	-0.625862
0.174333	-0.721089	-0.625862
0.174333	-0.721089	-0.625862
0.269718	0.133671	-0.174435
0.269718	0.133671	-0.174435
-0.911803	0.375319	-0.184077
-0.0604375	0.58228	0.115991
-0.726118	0.191277	-0.516814
-0.726118	0.191277	-0.516814
-0.224363	0.507158	-0.157266
-0.224363	0.507158	-0.157266
-0.224363	0.507158	-0.157266
-0.127995	0.581946	0.498465
1.06152	0.389533	-0.325817
0.184757	0.0773731	-0.887446
0.184757	0.0773731	-0.887446
0.184757	0.0773731	-0.887446
0.184757	0.0773731	-0.887446
0.184757	0.0773731	-0.887446
0.304526	-0.147279	-0.534136
0.304526	-0.147279	-0.534136
0.304526	-0.147279	-0.534136
0.304526	-0.147279	-0.534136
0.304526	-0.147279	-0.534136
-0.613711	0.639049	-0.68887
-0.613711	0.639049	-0.68887
-0.613711	0.639049	-0.68887
-0.613711	0.639049	-0.68887
0.161417	0.229211	-0.777852
0.882823	0.0434413	-0.41482
0.882823	0.0434413	-0.41482
0.358384	0.753634	0.376032
-0.536098	-0.400004	0.15333
-0.536098	-0.400004	0.15333
0.100969	0.520911	-0.0486449
0.30381	-0.499483	-0.292721
-0.573498	-0.474351	-0.62289
-0.573498	-0.474351	-0.62289
-0.573498	-0.474351	-0.62289
-0.573498	-0.474351	-0.62289
-0.573498	-0.474351	-0.62289
-0.573498	-0.474351	-0.62289
-0.573498	-0.474351	-0.62289
0.419184	0.595507	-0.556901
0.0496495	-0.384705	0.621122
0.0496495	-0.384705	0.621122
0.0496495	-0.384705	0.621122
-0.0477371	0.0509493	0.255518
-0.0477371	0.0509493	0.255518
-0.0477371	0.0509493	0.255518
-0.0477371	0.0509493	0.255518
-0.41796	0.583698	-0.017509
-0.41796	0.583698	-0.017509
-0.41796	0.583698	-0.017509
-0.0574884	0.143766	-0.531515
-0.0574884	0.143766	-0.531515
-0.0574884	0.143766	-0.531515
-0.0574884	0.143766	-0.531515
0.137832	0.116697	-0.156122
0.137832	0.116697	-0.156122
0.421337	0.0507442	1.0341
0.421337	0.0507442	1.0341
0.421337	0.0507442	1.0341
0.421337	0.0507442	1.0341
0.421337	0.0507442	1.0341
0.459465	0.0407852	2.17502
0.459465	0.0407852	2.17502
-0.487387	1.16253	1.46608
-0.487387	1.16253	1.46608
-1.30744	0.0923097	1.1784
-0.188618	-0.231447	1.0618
0.0653927	-0.0895812	2.0027
-1.02408	-0.321259	1.3294
-1.02408	-0.321259	1.3294
0.20451	-0.0807335	1.76372
-0.526895	0.427107	0.583143
-0.526895	0.427107	0.583143
-0.526895	0.427107	0.583143
-0.526895	0.427107	0.583143
-0.526895	0.427107	0.583143
-0.526895	0.427107	0.583143
0.636466	-0.445213	0.924146
0.636466	-0.445213	0.924146
0.636466	-0.445213	0.924146
-0.612908	-0.514536	0.432973
-0.762138	-1.01097	-0.270235
-1.65146	-0.713287	-1.32893
-2.40476	-0.957625	-2.36067
-1.86389	-1.0814	-3.25149
-2.81793	-0.409868	-2.64193
-2.81793	-0.409868	-2.64193
-2.76053	-0.827287	-1.6559
-1.54345	-1.48426	-1.42256
-1.54345	-1.48426	-1.42256
-1.86642	-1.24026	-1.25045
-1.86642	-1.24026	-1.25045
-0.986867	-1.35761	-0.448783
-1.06469	-0.110713	0.440448
-0.599518	-0.996403	0.497548
-0.599518	-0.996403	0.497548
-0.599518	-0.996403	0.497548
-0.599518	-0.996403	0.497548
-0.599518	-0.996403	0.497548
0.399411	-0.24121	-0.504072
0.399411	-0.24121	-0.504072
0.399411	-0.24121	-0.504072
0.399411	-0.24121	-0.504072
0.461368	0.365809	0.0262868
0.461368	0.365809	0.0262868
0.461368	0.365809	0.0262868
0.461368	0.365809	0.0262868
0.461368	0.365809	0.0262868
0.124162	0.409312	-0.79062
0.124162	0.409312	-0.79062
0.124162	0.409312	-0.79062
0.124162	0.409312	-0.79062
0.280137	-0.00113997	-1.77776
0.501308	0.648392	-1.36652
0.501308	0.648392	-1.36652
0.501308	0.648392	-1.36652
0.501308	0.648392	-1.36652
0.985854	0.673017	-2.4798
0.172002	0.0693402	-1.53763
0.172002	0.0693402	-1.53763
-0.598047	1.2769	-1.34371
-0.598047	1.2769	-1.34371
-0.146669	2.29043	-0.962214
-0.146669	2.29043	-0.962214
0.377387	2.95647	-0.764143
0.377387	2.95647	-0.764143
-0.139475	3.12911	0.000213234
0.0990145	1.88012	0.391702
-0.314011	1.05711	0.362397
-0.314011	1.05711	0.362397
-0.371163	1.09423	-0.49822
-1.20943	1.13353	-0.336762
-0.277691	1.63442	-1.06922
0.0900224	0.691805	-1.61628
0.407643	1.35409	-0.615787
0.719883	2.31997	-1.59521
0.719883	2.31997	-1.59521
0.719883	2.31997	-1.59521
0.719883	2.31997	-1.59521
0.719883	2.31997	-1.59521
0.0487205	3.30273	-2.04634
-0.298343	2.66643	-1.29026
-0.174655	2.20502	-0.688988
-0.861667	3.05773	0.379777
-1.22518	1.97966	-0.680494
-1.22518	1.97966	-0.680494
-1.30423	1.05916	-1.71363
-0.363202	1.86351	-0.61087
-0.363202	1.86351	-0.61087
-0.000390473	2.61859	-0.789419
-0.331057	1.54812	-1.44018
-0.331057	1.54812	-1.44018
-0.331057	1.54812	-1.44018
-0.331057	1.54812	-1.44018
-0.331057	1.54812	-1.44018
-0.331057	1.54812	-1.44018
-0.331057	1.54812	-1.44018
-1.47096	0.713281	-0.704999
-1.48649	1.32099	0.178207
-0.354613	2.40395	0.689655
-1.28893	2.64463	0.0930309
-1.28893	2.64463	0.0930309
-0.0965461	1.81173	-0.584342
0.232086	2.29621	-0.387646
0.794491	2.18914	-0.469767
0.541478	1.97948	-1.28928
0.107722	1.5232	-1.13296
-0.547194	1.61511	-0.515288
-0.547194	1.61511	-0.515288
-0.547194	1.61511	-0.515288
-0.547194	1.61511	-0.515288
-0.547194	1.61511	-0.515288
-1.25752	1.81026	-1.03426
-2.00302	2.31417	-1.84893
-1.14122	2.13687	-1.52128
-1.41311	2.82491	-0.363949
-0.525098	1.57597	0.769609
-1.0917	1.33817	0.49854
-1.0917	1.33817	0.49854
-1.21593	1.16595	-0.505784
-1.21593	1.16595	-0.505784
-1.21593	1.16595	-0.505784
-0.187651	1.59018	-1.4183
0.530996	2.1427	-0.567149
-0.610792	1.27839	-0.246827
0.251894	1.26798	-0.453184
0.278318	0.0998971	-0.98533
-0.248141	0.802895	-0.71344
-1.14258	1.26209	-0.95459
-2.10229	0.0513288	-1.16254
-2.10229	0.0513288	-1.16254
-2.10229	0.0513288	-1.16254
-1.50568	-0.251395	-0.908353
-1.29537	0.860087	0.195593
-1.29537	0.860087	0.195593
-0.639775	-0.317868	-0.338109
-0.12776	-0.00148788	0.574322
-0.12776	-0.00148788	0.574322
-0.47361	-0.793725	0.350422
-0.47361	-0.793725	0.350422
-0.881986	-0.286755	-0.100332
-0.918404	-0.0820015	0.425585
-0.850214	0.0211783	0.842244
-0.298182	-1.16742	-0.0966514
-0.28345	-1.53864	-0.329283
-0.28345	-1.53864	-0.329283
-0.28345	-1.53864	-0.329283
-0.28345	-1.53864	-0.329283
-0.28345	-1.53864	-0.329283
-0.477353	-0.570204	0.86625
-0.477353	-0.570204	0.86625
0.716512	0.53373	-0.002813
0.716512	0.53373	-0.002813
0.716512	0.53373	-0.002813
0.971598	-0.324491	-0.959984
0.971598	-0.324491	-0.959984
-0.154621	0.707526	-0.734413
-0.528364	0.374676	0.260355
-0.528364	0.374676	0.260355
-0.528364	0.374676	0.260355
-0.726618	-0.361747	-0.233011
-0.726618	-0.361747	-0.233011
-0.726618	-0.361747	-0.233011
-0.316701	-0.388914	-0.220538
-0.316701	-0.388914	-0.220538
-0.316701	-0.388914	-0.220538
-0.316701	-0.388914	-0.220538
-0.167095	-0.7708	-0.261181
0.0490458	-0.705427	0.476258
-0.366718	0.534082	-0.624965
-0.366718	0.534082	-0.624965
-0.187349	0.316988	0.0343762
-0.187349	0.316988	0.0343762
0.395257	-0.285808	0.478676
-0.501893	-0.444883	1.06115
-0.501893	-0.444883	1.06115
-0.501893	-0.444883	1.06115
-0.501893	-0.444883	1.06115
-0.501893	-0.444883	1.06115
-0.405277	-1.55096	0.766105
-0.958538	-1.1425	0.576711
-0.958538	-1.1425	0.576711
-0.184191	-0.747554	-0.488877
0.0615802	0.278925	0.521428
0.0615802	0.278925	0.521428
0.0615802	0.278925	0.521428
-0.695777	0.39565	-0.380362
-0.695777	0.39565	-0.380362
-0.695777	0.39565	-0.380362
-0.548402	-0.605472	0.690889
-0.548402	-0.605472	0.690889
-0.201865	-0.0624525	1.44649
-0.744535	-1.02067	1.18748
-0.884263	0.0072083	2.30752
-0.884263	0.0072083	2.30752
-0.854953	0.039881	1.77491
-0.163536	0.974358	0.768399
-0.163536	0.974358	0.768399
0.946618	-0.165532	1.07567
0.946618	-0.165532	1.07567
0.946618	-0.165532	1.07567
0.24058	0.717345	0.517886
0.24058	0.717345	0.517886
-0.16523	-0.0310847	0.587219
-0.16523	-0.0310847	0.587219
-0.16523	-0.0310847	0.587219
-0.108418	-0.361148	-0.258548
-0.108418	-0.361148	-0.258548
-0.108418	-0.361148	-0.258548
-0.108418	-0.361148	-0.258548
-0.108418	-0.361148	-0.258548
-0.108418	-0.361148	-0.258548
-0.108418	-0.361148	-0.258548
-0.108418	-0.361148	-0.258548
-0.108418	-0.361148	-0.258548
-0.203582	0.103314	-0.199242
-0.203582	0.103314	-0.199242
-1.06568	-0.284214	-0.882223
-0.499758	-1.03356	-1.2174
-1.24742	-1.21029	-0.118928
-1.08246	-0.95524	-0.432965
-0.53555	-1.28699	-0.488323
-0.53555	-1.28699	-0.488323
-0.137774	-0.965473	-1.11716
-0.137774	-0.965473	-1.11716
0.747028	-1.86341	-0.196816
0.12695	-2.84601	0.867331
1.008	-2.38716	0.784271
1.37632	-2.21811	0.246732
1.37632	-2.21811	0.246732
1.37632	-2.21811	0.246732
1.98559	-2.13157	0.640928
1.98559	-2.13157	0.640928
1.90301	-2.10904	0.416006
1.90301	-2.10904	0.416006
1.48384	-2.12674	1.49555
2.38492	-1.05561	0.831943
3.09256	-0.542639	-0.389671
2.36985	-1.78558	0.288538
1.50795	-1.53944	-0.0240444
1.50795	-1.53944	-0.0240444
1.31195	-0.699473	-1.11488
1.31195	-0.699473	-1.11488
1.31195	-0.699473	-1.11488
1.48519	-0.37578	0.067651
0.991324	-0.641479	-0.636516
0.991324	-0.641479	-0.636516
-0.160132	0.214602	-0.978028
-0.160132	0.214602	-0.978028
1.07306	0.347162	0.203582
1.07306	0.347162	0.203582
1.07306	0.347162	0.203582
1.08045	-0.157425	-0.790851
1.08045	-0.157425	-0.790851
1.08045	-0.157425	-0.790851
0.231924	-0.597429	-1.31452
0.231924	-0.597429	-1.31452
-0.497527	0.0712858	-1.10475
-0.16748	1.06289	-0.387206
0.220288	0.888476	-0.478554
1.10631	0.780505	0.0944379
1.28872	1.65994	-0.081891
0.168371	1.53182	-0.694634
0.543587	1.94056	0.0352445
1.08162	0.799112	-0.340687
1.08162	0.799112	-0.340687
0.436148	0.578306	0.0416935
0.436148	0.578306	0.0416935
0.0374442	0.40381	-0.851797
0.0374442	0.40381	-0.851797
-0.836971	-0.370194	0.17794
-0.610733	0.610435	0.51078
0.600009	0.654959	0.274804
0.600009	0.654959	0.274804
0.858658	-0.261816	0.237897
-0.159566	-1.23942	0.171169
-0.852586	-0.117985	0.203244
0.329701	-0.910461	-0.00931973
0.329701	-0.910461	-0.00931973
0.169472	-0.608015	0.665341
-0.416708	-0.453513	-0.582639
-0.17032	0.387709	-0.342021
-0.17032	0.387709	-0.342021
-0.17032	0.387709	-0.342021
-0.697436	0.252442	-0.0535049
-0.917159	0.252392	-0.387033
-0.375701	0.224318	-0.281248
-0.375701	0.224318	-0.281248
-0.375701	0.224318	-0.281248
-0.375701	0.224318	-0.281248
0.867291	-0.462851	-0.00557423
-0.0322393	-1.05765	-0.955052
-0.0322393	-1.05765	-0.955052
-0.0322393	-1.05765	-0.955052
-0.0322393	-1.05765	-0.955052
-0.0322393	-1.05765	-0.955052
-0.0322393	-1.05765	-0.955052
-0.818749	-0.571913	0.189198
0.227787	-0.800791	0.815479
0.471972	0.235581	0.710706
0.159352	-0.292461	1.08633
0.159352	-0.292461	1.08633
0.159352	-0.292461	1.08633
0.159352	-0.292461	1.08633
0.159352	-0.292461	1.08633
-0.479101	-0.865258	0.577242
0.697812	-0.646559	0.369657
0.697812	-0.646559	0.369657
0.697812	-0.646559	0.369657
0.191398	-0.723543	-0.106388
0.191398	-0.723543	-0.106388
0.191398	-0.723543	-0.106388
0.191398	-0.723543	-0.106388
-1.00353	0.0793302	-0.637017
-0.0664248	0.675277	-1.51292
-0.0664248	0.675277	-1.51292
-0.628691	1.03665	-1.45785
0.386515	0.593274	-1.60796
0.386515	0.593274	-1.60796
0.714911	-0.208825	-0.516588
0.714911	-0.208825	-0.516588
0.714911	-0.208825	-0.516588
1.69274	0.592184	0.534549
0.672503	-0.146021	0.576832
0.186938	0.26817	1.06228
0.186938	0.26817	1.06228
0.186938	0.26817	1.06228
1.06518	-0.695413	1.27712
1.06518	-0.695413	1.27712
1.90179	-1.73385	1.79115
2.17029	-1.31886	2.47296
1.04392	-1.03349	2.43547
0.691067	-1.38116	2.25128
0.853381	-0.339693	1.79909
0.853381	-0.339693	1.79909
0.610124	-0.443555	1.27844
1.24079	0.0766653	0.586071
1.33584	-1.02943	-0.591649
1.18139	-0.239028	-1.25657
1.18139	-0.239028	-1.25657
0.218648	0.632122	-0.118107
0.02113	0.669067	-0.8955
-0.199	-0.235488	-0.0254951
-0.199	-0.235488	-0.0254951
-0.199	-0.235488	-0.0254951
-0.199	-0.235488	-0.0254951
-0.199	-0.235488	-0.0254951
-0.199	-0.235488	-0.0254951
-0.199	-0.235488	-0.0254951
-0.199	-0.235488	-0.0254951
-0.199	-0.235488	-0.0254951
-0.199	-0.235488	-0.0254951
-0.789535	-1.36589	-0.159323
-0.38499	-0.72837	0.192831
-0.38499	-0.72837	0.192831
-0.38499	-0.72837	0.192831
0.762861	0.109404	0.114875
0.762861	0.109404	0.114875
0.036975	0.796569	0.0850133
-0.347579	0.328227	-0.551867
0.337048	-0.643743	0.52548
1.17395	0.281952	0.928152
1.31912	-0.606507	0.0271776
1.862	0.228793	0.243303
1.862	0.228793	0.243303
2.3324	-0.0913196	0.471719
2.50065	-0.109271	-0.633518
2.08046	-1.32536	-0.463672
1.52817	-1.47162	0.658904
2.44087	-0.617775	0.615121
3.23604	-1.19121	1.27213
2.18067	-2.4349	0.176077
3.02119	-1.50514	1.03315
2.02918	-2.51761	0.64932
2.02918	-2.51761	0.64932
2.02918	-2.51761	0.64932
1.35383	-2.37117	0.477319
1.35383	-2.37117	0.477319
1.35383	-2.37117	0.477319
1.7109	-1.5059	1.00064
2.07968	-1.75522	0.709249
2.07968	-1.75522	0.709249
0.867878	-1.06444	0.325988
0.1764	-1.68229	0.98923
1.155	-0.697212	0.354758
1.28476	0.439352	0.928624
1.30242	1.54325	1.51973
1.30242	1.54325	1.51973
1.30242	1.54325	1.51973
1.30242	1.54325	1.51973
0.66273	1.27267	1.27666
1.68468	1.96955	1.11317
0.868159	0.97244	1.40316
0.3699	1.15329	0.686551
0.400129	0.0474574	1.81471
0.400129	0.0474574	1.81471
0.400129	0.0474574	1.81471
0.400129	0.0474574	1.81471
-0.833196	-0.319182	2.79905
-0.833196	-0.319182	2.79905
0.216606	-0.168536	1.68392
1.22798	0.384748	1.81353
0.583636	0.421274	1.09561
0.583636	0.421274	1.09561
0.583636	0.421274	1.09561
0.583636	0.421274	1.09561
0.583636	0.421274	1.09561
-0.64045	0.530308	0.610463
-0.23754	-0.521471	1.42709
-0.350682	0.266078	2.30277
-0.350682	0.266078	2.30277
-0.350682	0.266078	2.30277
-0.350682	0.266078	2.30277
0.21191	1.36838	2.71249
0.21191	1.36838	2.71249
0.21191	1.36838	2.71249
0.21191	1.36838	2.71249
1.19492	0.954346	1.73087
0.747606	0.84003	1.39205
0.747606	0.84003	1.39205
1.02279	1.60197	0.316744
1.02279	1.60197	0.316744
1.02279	1.60197	0.316744
0.0606459	0.753391	0.0809845
-0.158815	0.0985088	0.438528
-0.158815	0.0985088	0.438528
-0.158815	0.0985088	0.438528
-0.158815	0.0985088	0.438528
-0.158815	0.0985088	0.438528
-0.839536	-0.371679	-0.538736
-0.839536	-0.371679	-0.538736
-0.839536	-0.371679	-0.538736
-0.839536	-0.371679	-0.538736
-0.839536	-0.371679	-0.538736
-0.902163	0.0327249	0.684661
-0.498745	0.638498	1.14578
-0.498745	0.638498	1.14578
-0.498745	0.638498	1.14578
-0.498745	0.638498	1.14578
-0.498745	0.638498	1.14578
0.686036	0.693888	1.85554
-0.13256	-0.494354	1.3754
0.566012	-0.738591	0.733128
0.566012	-0.738591	0.733128
0.3071	-0.193526	1.15313
0.3071	-0.193526	1.15313
0.3071	-0.193526	1.15313
0.3071	-0.193526	1.15313
0.3071	-0.193526	1.15313
-0.549162	0.197855	1.04242
-0.616939	-0.846089	0.664663
-0.616939	-0.846089	0.664663
-0.616939	-0.846089	0.664663
-0.616939	-0.846089	0.664663
0.484274	0.386156	0.217262
1.46977	-0.420718	-0.099052
1.18969	-0.743429	-0.0804382
0.600797	-1.07764	-0.741025
1.17328	-0.000789495	-0.529819
1.31136	-0.311891	0.548109
1.31136	-0.311891	0.548109
1.41719	-0.715965	0.0502388
1.41719	-0.715965	0.0502388
1.41719	-0.715965	0.0502388
0.857334	-1.41888	-0.831528
0.609898	-0.755192	-0.949748
-0.0776548	0.0277104	-0.93529
-0.0776548	0.0277104	-0.93529
-0.0776548	0.0277104	-0.93529
-0.0776548	0.0277104	-0.93529
-0.0776548	0.0277104	-0.93529
0.0621858	0.97059	-0.720658
-0.296675	1.0034	-0.691931
-0.296675	1.0034	-0.691931
0.2706	0.0998344	-0.671172
0.2706	0.0998344	-0.671172
0.2706	0.0998344	-0.671172
0.2706	0.0998344	-0.671172
-0.105728	0.0134193	0.298666
-0.105728	0.0134193	0.298666
-0.105728	0.0134193	0.298666
-0.105728	0.0134193	0.298666
-0.105728	0.0134193	0.298666
-0.105728	0.0134193	0.298666
-0.105728	0.0134193	0.298666
-0.105728	0.0134193	0.298666
-0.105728	0.0134193	0.298666
-0.105728	0.0134193	0.298666
-0.105728	0.0134193	0.298666
-0.105728	0.0134193	0.298666
-0.105728	0.0134193	0.298666
-0.672156	0.961698	1.075
-0.672156	0.961698	1.075
-0.451613	1.11442	1.59722
-0.451613	1.11442	1.59722
-0.451613	1.11442	1.59722
-0.451613	1.11442	1.59722
0.0942389	-0.0292408	2.46484
0.0942389	-0.0292408	2.46484
0.0942389	-0.0292408	2.46484
-0.900594	0.952292	1.39815
-0.594483	1.49446	0.988136
-0.630753	0.826748	2.05798
-0.571489	0.801475	2.8874
-0.414133	0.3267	2.27102
-0.414133	0.3267	2.27102
0.131615	-0.479043	1.0947
0.131615	-0.479043	1.0947
0.131615	-0.479043	1.0947
0.397363	0.0178232	0.387613
0.397363	0.0178232	0.387613
0.397363	0.0178232	0.387613
0.397363	0.0178232	0.387613
0.397363	0.0178232	0.387613
0.139683	-0.32186	0.394098
0.139683	-0.32186	0.394098
-0.727864	-0.398663	-0.331661
-0.205931	-0.65122	-0.445062
-0.205931	-0.65122	-0.445062
-0.141675	0.533344	0.430369
-0.141675	0.533344	0.430369
-0.141675	0.533344	0.430369
-0.141675	0.533344	0.430369
-0.141675	0.533344	0.430369
-0.141675	0.533344	0.430369
-0.141675	0.533344	0.430369
-0.368163	0.109008	-0.563093
-0.368163	0.109008	-0.563093
-0.368163	0.109008	-0.563093
-1.38396	0.148377	-0.293589
-0.856479	-0.863735	-0.723926
-0.856479	-0.863735	-0.723926
-0.856479	-0.863735	-0.723926
-0.856479	-0.863735	-0.723926
-0.856479	-0.863735	-0.723926
-0.856479	-0.863735	-0.723926
-0.856479	-0.863735	-0.723926
-0.856479	-0.863735	-0.723926
-0.358085	-1.08664	-0.0448864
0.608042	-0.803118	-0.549933
0.87614	-0.485731	0.395961
-0.296219	0.25975	0.328098
-0.296219	0.25975	0.328098
-0.299988	0.507798	-0.516765
-0.299988	0.507798	-0.516765
-0.299988	0.507798	-0.516765
-0.299988	0.507798	-0.516765
-0.299988	0.507798	-0.516765
-0.299988	0.507798	-0.516765
0.235139	0.0531336	-0.649125
0.235139	0.0531336	-0.649125
0.235139	0.0531336	-0.649125
0.235139	0.0531336	-0.649125
0.235139	0.0531336	-0.649125
0.235139	0.0531336	-0.649125
0.235139	0.0531336	-0.649125
-0.440994	0.226597	0.0568233
-0.261317	0.518837	0.432932
-0.261317	0.518837	0.432932
0.635718	0.675107	0.412994
0.635718	0.675107	0.412994
0.844736	1.48579	-0.141904
0.59646	0.992149	0.642434
0.59646	0.992149	0.642434
0.59646	0.992149	0.642434
0.99291	-0.0446969	-0.414878
0.99291	-0.0446969	-0.414878
0.502083	0.213963	-1.38514
-0.327125	-0.689973	-0.611944
-0.327125	-0.689973	-0.611944
-0.761696	0.281103	0.259425
-0.431224	0.826171	-0.33043
-0.38783	1.03125	-0.58178
-0.38783	1.03125	-0.58178
-0.38783	1.03125	-0.58178
-0.38783	1.03125	-0.58178
0.27145	1.45641	-0.131843
0.27145	1.45641	-0.131843
0.278277	0.723007	0.0510817
0.278277	0.723007	0.0510817
1.501	0.185772	-0.334731
1.501	0.185772	-0.334731
1.1639	1.2238	0.343185
1.1639	1.2238	0.343185
1.1639	1.2238	0.343185
1.1639	1.2238	0.343185
1.1639	1.2238	0.343185
1.1639	1.2238	0.343185
1.14311	0.511041	-0.633972
1.14311	0.511041	-0.633972
1.14311	0.511041	-0.633972
0.948781	0.481077	-1.8834
1.50536	0.0808182	-1.36075
0.899702	0.400577	-1.69076
0.899702	0.400577	-1.69076
0.0603478	0.843622	-1.81937
0.0603478	0.843622	-1.81937
0.744617	-0.236943	-1.73093
0.744617	-0.236943	-1.73093
1.0574	0.946167	-0.517936
1.0574	0.946167	-0.517936
0.332296	0.547275	-0.56555
-0.223563	-0.0583903	-0.977073
0.696335	-0.699014	-0.00896884
0.696335	-0.699014	-0.00896884
0.696335	-0.699014	-0.00896884
0.696335	-0.699014	-0.00896884
0.696335	-0.699014	-0.00896884
-0.354302	0.0804348	-0.694706
0.115656	0.929342	-0.082196
0.115656	0.929342	-0.082196
0.115656	0.929342	-0.082196
-0.730854	1.70113	0.932224
-0.730854	1.70113	0.932224
-0.730854	1.70113	0.932224
0.447334	0.644465	0.904424
1.46304	-0.316995	0.355632
0.766774	-1.17639	-0.73462
-0.0473188	-0.424694	-0.285243
-0.0473188	-0.424694	-0.285243
-0.0473188	-0.424694	-0.285243
-0.0473188	-0.424694	-0.285243
-0.0473188	-0.424694	-0.285243
0.475429	0.781008	-0.434103
0.475429	0.781008	-0.434103
0.475429	0.781008	-0.434103
-0.651395	0.572349	-0.175965
-0.651395	0.572349	-0.175965
-0.651395	0.572349	-0.175965
-0.651395	0.572349	-0.175965
-0.651395	0.572349	-0.175965
-1.52275	0.910896	-0.796677
-1.52275	0.910896	-0.796677
-1.52275	0.910896	-0.796677
-1.35262	0.161653	-1.844
-0.252807	0.304184	-2.05269
0.573387	-0.03254	-1.36212
-0.249041	-0.483551	-1.1949
0.817711	0.575271	-0.838806
0.817711	0.575271	-0.838806
1.0721	0.233721	-1.00956
1.0721	0.233721	-1.00956
1.3948	-0.194394	-0.841764
1.59422	0.302653	-0.54228
1.59422	0.302653	-0.54228
1.59422	0.302653	-0.54228
0.711164	-0.0918706	-1.19084
0.711164	-0.0918706	-1.19084
0.711164	-0.0918706	-1.19084
0.711164	-0.0918706	-1.19084
1.86768	0.18594	-1.4807
1.86768	0.18594	-1.4807
1.02657	-0.33284	-1.90852
1.02657	-0.33284	-1.90852
1.02657	-0.33284	-1.90852
1.01779	-0.0256502	-1.62736
1.01779	-0.0256502	-1.62736
0.711256	-1.05616	-1.48039
0.711256	-1.05616	-1.48039
-0.3836	-1.59511	-0.952147
-1.06047	-2.17633	-0.972436
-1.06047	-2.17633	-0.972436
-0.015796	-2.95922	-0.208584
1.16599	-1.86581	-0.0404315
0.742014	-1.18189	0.164505
1.19073	-0.157273	-0.869276
1.19073	-0.157273	-0.869276
1.4844	-0.797035	-0.0643565
1.4844	-0.797035	-0.0643565
1.4844	-0.797035	-0.0643565
1.0126	-1.88616	-0.531459
-0.000845165	-0.971386	-0.984349
-0.719537	-0.385057	-0.525425
-0.719537	-0.385057	-0.525425
-0.719537	-0.385057	-0.525425
-0.729631	-0.952183	-0.685101
-0.729631	-0.952183	-0.685101
-0.729631	-0.952183	-0.685101
0.0448844	-1.38291	0.155241
1.04319	-1.13441	0.829877
-0.185107	-1.05865	0.881797
-0.185107	-1.05865	0.881797
-0.185107	-1.05865	0.881797
-0.538673	-0.822554	0.615187
-1.39039	-0.475455	-0.242188
-1.29708	-0.691374	0.622032
-0.080245	-1.25548	1.03182
0.370091	-1.92885	0.83156
-0.759165	-0.912455	1.3858
-0.759165	-0.912455	1.3858
-0.759165	-0.912455	1.3858
-1.3216	-2.11857	0.373143
-1.3216	-2.11857	0.373143
-0.45814	-2.35377	1.04824
-0.745273	-2.27054	0.774954
0.193603	-2.07275	-0.113428
0.193603	-2.07275	-0.113428
0.193603	-2.07275	-0.113428
0.193603	-2.07275	-0.113428
-0.0421978	-1.95117	0.154579
-0.286345	-2.73949	-0.00579535
-0.369359	-1.73337	0.603847
-0.369359	-1.73337	0.603847
-0.369359	-1.73337	0.603847
-0.209988	-0.605293	0.555302
-0.209988	-0.605293	0.555302
-0.884983	0.0149392	-0.390213
-0.884983	0.0149392	-0.390213
-0.884983	0.0149392	-0.390213
-0.884983	0.0149392	-0.390213
-0.884983	0.0149392	-0.390213
-0.884983	0.0149392	-0.390213
0.278621	0.404761	-1.49446
0.278621	0.404761	-1.49446
0.189022	1.22156	-1.7141
1.05782	0.828713	-2.80549
1.05782	0.828713	-2.80549
1.05782	0.828713	-2.80549
1.05782	0.828713	-2.80549
1.27478	0.34687	-2.34857
1.27478	0.34687	-2.34857
0.389344	-0.374732	-2.39786
-0.451706	0.0194426	-3.44358
0.231517	0.203347	-2.25996
0.231517	0.203347	-2.25996
0.231517	0.203347	-2.25996
-0.180775	0.914332	-2.67163
0.208703	-0.20849	-2.50615
0.506984	0.933586	-3.29596
-0.335974	1.58923	-2.32073
-0.335974	1.58923	-2.32073
-0.335974	1.58923	-2.32073
-0.731954	1.61366	-2.21236
-1.59032	2.29058	-2.44796
-2.13778	2.61663	-3.69716
-2.13778	2.61663	-3.69716
-2.13778	2.61663	-3.69716
-2.20331	2.57169	-2.96678
-1.6687	2.08388	-3.17034
-1.16401	3.07452	-2.18093
-0.503024	2.43221	-1.71193
0.054102	1.55819	-1.80061
-0.522981	0.648056	-1.77278
0.29712	1.8119	-0.771003
-0.534212	0.594742	-0.247149
-0.534212	0.594742	-0.247149
0.205889	1.62015	-0.172838
0.205889	1.62015	-0.172838
0.205889	1.62015	-0.172838
0.205889	1.62015	-0.172838
0.603871	1.38912	-0.601929
0.0706196	1.32069	0.523045
-0.187735	0.535816	0.767158
-1.1442	1.12191	-0.362899
-1.1442	1.12191	-0.362899
-1.1442	1.12191	-0.362899
-1.1442	1.12191	-0.362899
-1.1442	1.12191	-0.362899
-1.23755	0.194743	0.157305
-1.23755	0.194743	0.157305
-1.01962	0.68533	-0.556899
-1.01962	0.68533	-0.556899
-0.669535	-0.477456	-1.27234
0.300723	0.513356	-0.336298
0.0453338	-0.425523	-0.769638
0.696228	-0.257612	-0.560635
0.696228	-0.257612	-0.560635
0.696228	-0.257612	-0.560635
0.696228	-0.257612	-0.560635
0.696228	-0.257612	-0.560635
0.383088	0.445153	-0.547111
0.383088	0.445153	-0.547111
0.383088	0.445153	-0.547111
1.31557	1.15688	0.476122
0.774536	0.3969	0.303386
0.780788	0.163303	0.332372
0.780788	0.163303	0.332372
0.780788	0.163303	0.332372
-0.164216	1.35411	-0.699408
-0.898852	0.499482	-0.768319
-0.898852	0.499482	-0.768319
-0.898852	0.499482	-0.768319
-0.898852	0.499482	-0.768319
-0.898852	0.499482	-0.768319
-0.440675	1.64636	-0.642343
-0.527636	2.00785	0.375642
-0.527636	2.00785	0.375642
-0.155047	1.51175	0.195323
-0.155047	1.51175	0.195323
-0.155047	1.51175	0.195323
0.336503	2.25828	0.976034
1.46789	1.06077	2.21
0.691943	0.281687	1.25087
1.42035	0.455001	1.6982
1.42035	0.455001	1.6982
0.379342	0.832475	1.30822
0.379342	0.832475	1.30822
-0.100086	1.08744	0.875233
-0.100086	1.08744	0.875233
-0.810359	1.86831	-0.349956
-0.376647	1.53611	0.655815
0.291527	0.66814	1.64608
0.291527	0.66814	1.64608
0.291527	0.66814	1.64608
0.291527	0.66814	1.64608
0.654376	0.606352	0.726016
0.00833556	-0.240217	1.54037
0.345233	-0.912388	1.37428
0.50588	-1.20005	1.39952
0.50588	-1.20005	1.39952
0.50588	-1.20005	1.39952
0.50588	-1.20005	1.39952
0.50588	-1.20005	1.39952
0.50588	-1.20005	1.39952
-0.314581	-2.07837	0.321094
0.785565	-1.41398	-0.397667
0.785565	-1.41398	-0.397667
-0.213738	-0.173864	-1.42691
-0.373511	0.812103	-1.72843
-1.40249	-0.0980975	-1.18462
-1.54272	-0.75087	-1.12241
-0.300886	-0.693629	-1.87972
-0.270943	-0.68477	-0.633393
-0.270943	-0.68477	-0.633393
-0.270943	-0.68477	-0.633393
0.741027	-0.157078	-0.584012
0.0568239	0.176338	0.115658
0.0568239	0.176338	0.115658
0.0568239	0.176338	0.115658
0.0568239	0.176338	0.115658
0.0568239	0.176338	0.115658
0.0568239	0.176338	0.115658
0.0568239	0.176338	0.115658
0.0568239	0.176338	0.115658
0.676316	-0.965983	0.408253
-0.129554	-1.96308	-0.543392
-0.129554	-1.96308	-0.543392
0.690781	-1.09464	0.570711
-0.225498	-0.415589	0.882041
-0.225498	-0.415589	0.882041
-0.225498	-0.415589	0.882041
-0.85433	-1.11366	-0.305117
0.147266	-0.62131	-1.32875
1.25422	-0.740588	-1.02736
1.7706	0.427373	-0.814246
1.1636	-0.519752	0.366789
1.1636	-0.519752	0.366789
1.32407	-0.113966	-0.226967
1.32407	-0.113966	-0.226967
1.19086	-0.454952	-1.25486
1.19086	-0.454952	-1.25486
1.19086	-0.454952	-1.25486
0.248298	-0.519872	-0.422182
0.0126834	-0.212072	-1.21979
0.0126834	-0.212072	-1.21979
-0.518081	-0.968216	-0.536947
-0.0180601	-1.1302	-0.147291
-0.0180601	-1.1302	-0.147291
-0.0180601	-1.1302	-0.147291
0.133177	0.118753	0.0581753
0.133177	0.118753	0.0581753
0.133177	0.118753	0.0581753
0.133177	0.118753	0.0581753
0.133177	0.118753	0.0581753
0.133177	0.118753	0.0581753
0.133177	0.118753	0.0581753
0.133177	0.118753	0.0581753
0.133177	0.118753	0.0581753
0.133177	0.118753	0.0581753
0.133177	0.118753	0.0581753
0.133177	0.118753	0.0581753
0.133177	0.118753	0.0581753
0.133177	0.118753	0.0581753
0.133177	0.118753	0.0581753
0.133177	0.118753	0.0581753
0.133177	0.118753	0.0581753
0.133177	0.118753	0.0581753
0.133177	0.118753	0.0581753
0.133177	0.118753	0.0581753
0.133177	0.118753	0.0581753
0.133177	0.118753	0.0581753
0.133177	0.118753	0.0581753
0.133177	0.118753	0.0581753
0.133177	0.118753	0.0581753
0.133177	0.118753	0.0581753
0.133177	0.118753	0.0581753
0.133177	0.118753	0.0581753
0.133177	0.118753	0.0581753
-0.792954	-0.529379	0.304305
-0.792954	-0.529379	0.304305
-0.792954	-0.529379	0.304305
-0.792954	-0.529379	0.304305
-0.272893	-0.193822	0.459227
0.505541	-0.0103331	0.0421662
0.505541	-0.0103331	0.0421662
0.505541	-0.0103331	0.0421662
0.505541	-0.0103331	0.0421662
0.505541	-0.0103331	0.0421662
0.505541	-0.0103331	0.0421662
0.505541	-0.0103331	0.0421662
0.376934	1.01907	-0.3131
-0.407053	-0.119191	0.713395
-0.23726	-0.114389	0.193484
-0.23726	-0.114389	0.193484
-0.23726	-0.114389	0.193484
-0.23726	-0.114389	0.193484
-0.23726	-0.114389	0.193484
-0.23726	-0.114389	0.193484
-0.23726	-0.114389	0.193484
0.921675	-1.25228	-0.0888182
1.37131	-0.339311	-0.333617
1.5383	0.243875	0.815521
1.5383	0.243875	0.815521
1.31446	0.680232	1.43844
1.31446	0.680232	1.43844
1.31446	0.680232	1.43844
1.31446	0.680232	1.43844
0.434866	0.183795	0.947245
0.434866	0.183795	0.947245
0.434866	0.183795	0.947245
0.434866	0.183795	0.947245
0.434866	0.183795	0.947245
0.434866	0.183795	0.947245
-0.000292553	0.439459	0.866165
-0.000292553	0.439459	0.866165
-0.000292553	0.439459	0.866165
-0.000292553	0.439459	0.866165
-0.136824	-0.349936	0.90009
-0.136824	-0.349936	0.90009
-0.136824	-0.349936	0.90009
-0.136824	-0.349936	0.90009
0.3612	-0.242366	-0.00708692
0.55327	-0.536863	-0.732911
0.55327	-0.536863	-0.732911
0.55327	-0.536863	-0.732911
0.863107	-0.799237	0.452812
0.863107	-0.799237	0.452812
0.415664	-0.18447	0.0540759
0.384158	-0.15805	-0.68559
-0.215617	1.02252	-0.819015
-0.215617	1.02252	-0.819015
-0.215617	1.02252	-0.819015
-0.215617	1.02252	-0.819015
-0.179019	0.269222	0.361781
-0.179019	0.269222	0.361781
-0.179019	0.269222	0.361781
-0.179019	0.269222	0.361781
-0.179019	0.269222	0.361781
-0.179019	0.269222	0.361781
0.477497	-0.659061	0.352613
0.994645	-1.46261	0.925485
1.82353	-0.640707	-0.224821
1.82353	-0.640707	-0.224821
1.00846	-1.70687	0.130774
1.33144	-1.711	-0.0384769
1.56688	-0.776064	0.149442
1.56688	-0.776064	0.149442
1.60197	-1.98054	-0.705777
1.60197	-1.98054	-0.705777
1.60197	-1.98054	-0.705777
1.60197	-1.98054	-0.705777
1.60197	-1.98054	-0.705777
2.83437	-2.70776	-0.0184783
2.03385	-1.69856	-0.499589
0.995201	-0.586335	-1.66289
-0.127235	-1.49987	-0.579776
-0.290199	-0.510198	0.193767
-0.290199	-0.510198	0.193767
0.577971	-0.25984	-0.251718
0.49334	0.534335	-0.201459
0.49334	0.534335	-0.201459
0.49334	0.534335	-0.201459
-0.678301	0.655603	0.246409
0.239146	-0.0290614	0.660856
0.637027	0.971001	-0.0535669
1.42821	0.106879	-0.0777027
1.42821	0.106879	-0.0777027
1.42821	0.106879	-0.0777027
1.42821	0.106879	-0.0777027
1.42821	0.106879	-0.0777027
1.42821	0.106879	-0.0777027
2.10768	0.185218	-0.46741
2.10768	0.185218	-0.46741
2.10768	0.185218	-0.46741
1.9561	-0.0659958	-0.450765
2.57421	0.274156	0.0433749
2.08326	0.217257	0.480031
1.30518	0.777269	0.900924
1.30518	0.777269	0.900924
1.30518	0.777269	0.900924
1.4364	0.876891	-0.228218
1.63653	-0.266108	-1.03123
1.33465	-0.545038	-1.01513
0.304152	-1.77774	-0.717533
0.304152	-1.77774	-0.717533
0.304152	-1.77774	-0.717533
-0.736727	-1.31053	-0.960272
-1.73302	-0.317967	-0.123865
-0.947431	-0.587862	-0.602241
-0.947431	-0.587862	-0.602241
-0.947431	-0.587862	-0.602241
-0.947431	-0.587862	-0.602241
-0.947431	-0.587862	-0.602241
-0.947431	-0.587862	-0.602241
-0.947431	-0.587862	-0.602241
-0.947431	-0.587862	-0.602241
-0.947431	-0.587862	-0.602241
-0.947431	-0.587862	-0.602241
-0.00512944	-0.233176	0.277619
-0.00512944	-0.233176	0.277619
-0.00512944	-0.233176	0.277619
-0.00512944	-0.233176	0.277619
-0.00512944	-0.233176	0.277619
-0.00512944	-0.233176	0.277619
-0.00512944	-0.233176	0.277619
-0.00512944	-0.233176	0.277619
-0.00512944	-0.233176	0.277619
-0.00512944	-0.233176	0.277619
-0.271704	-1.1492	0.201775
-0.271704	-1.1492	0.201775
-0.271704	-1.1492	0.201775
-1.25942	-0.520498	0.139862
-0.103361	-1.46858	-0.416388
-0.103361	-1.46858	-0.416388
0.0932913	-0.477767	-1.2807
0.0932913	-0.477767	-1.2807
-0.381164	0.366953	-0.596665
-0.381164	0.366953	-0.596665
0.854045	-0.592427	-0.6603
1.75204	-0.392235	-0.0545977
1.75204	-0.392235	-0.0545977
1.38837	-0.690921	0.537372
1.38837	-0.690921	0.537372
1.38837	-0.690921	0.537372
1.60103	-0.972512	-0.481513
1.60103	-0.972512	-0.481513
0.907716	-0.945448	-0.92969
0.907716	-0.945448	-0.92969
0.33519	-0.384032	-1.43356
-0.634337	0.50881	-1.17429
-0.714267	-0.399962	-1.25384
-0.438814	0.718202	-0.56734
0.0615485	0.392522	0.522178
0.0615485	0.392522	0.522178
0.0615485	0.392522	0.522178
0.0615485	0.392522	0.522178
0.0367876	1.57933	0.133546
1.2057	0.585451	-0.757973
0.579082	0.854639	-1.47331
0.455407	1.05401	-0.745129
0.979017	0.822437	-0.337194
0.979017	0.822437	-0.337194
-0.260779	2.06136	-0.590033
-0.260779	2.06136	-0.590033
0.860895	3.09012	-1.53775
1.38575	1.86151	-1.03324
2.16329	1.45835	-0.49605
1.29888	1.69105	-0.672675
1.85485	0.618261	-0.657364
0.863308	1.46569	-1.07866
1.75397	1.71462	-0.297382
1.75397	1.71462	-0.297382
2.04675	0.481192	-1.14133
2.83466	0.195428	-2.26342
2.85861	0.392616	-2.2919
2.24382	1.57928	-1.90689
1.24008	2.17393	-2.24675
0.193347	1.04511	-1.9086
0.250561	2.26498	-0.872732
0.250561	2.26498	-0.872732
-0.0186271	1.35307	-1.06735
-0.0186271	1.35307	-1.06735
0.161507	0.143034	-0.236212
0.24532	-0.779963	-0.714155
0.24532	-0.779963	-0.714155
0.24532	-0.779963	-0.714155
0.24532	-0.779963	-0.714155
0.24532	-0.779963	-0.714155
0.82978	-0.835716	-0.45846
0.466024	0.366536	-1.02018
0.466024	0.366536	-1.02018
0.466024	0.366536	-1.02018
0.466024	0.366536	-1.02018
0.466024	0.366536	-1.02018
1.57282	0.677045	0.167836
1.57282	0.677045	0.167836
1.57282	0.677045	0.167836
1.57282	0.677045	0.167836
1.14795	0.0836878	-0.0164776
1.47163	0.82768	0.692607
1.47163	0.82768	0.692607
1.47163	0.82768	0.692607
1.83062	1.57636	-0.0701029
1.53591	1.69955	0.344903
0.433279	1.89873	-0.462299
1.15186	1.03593	-1.2244
0.818703	1.23555	-0.818258
0.77813	1.05607	-1.15625
1.52007	1.65274	-0.316508
1.52007	1.65274	-0.316508
0.490209	1.29994	0.505741
0.683155	1.19676	-0.264338
0.683155	1.19676	-0.264338
0.683155	1.19676	-0.264338
1.16915	0.695712	0.783979
1.16915	0.695712	0.783979
0.763226	0.84538	1.50015
0.231575	1.46203	1.3302
1.19077	0.420391	1.01393
1.19077	0.420391	1.01393
1.19077	0.420391	1.01393
1.19077	0.420391	1.01393
0.344365	1.20167	0.564321
1.19658	0.0453674	1.00205
0.268252	0.798273	0.216414
-0.233197	-0.0206971	-0.0972461
-0.233197	-0.0206971	-0.0972461
-0.233197	-0.0206971	-0.0972461
-0.233197	-0.0206971	-0.0972461
-0.233197	-0.0206971	-0.0972461
-0.233197	-0.0206971	-0.0972461
-0.118083	0.601651	0.345277
-0.118083	0.601651	0.345277
-0.118083	0.601651	0.345277
0.06931	-0.368161	0.164252
0.112711	-1.40575	-1.06641
-1.07897	-1.23639	-1.25277
-0.33203	-0.0629841	-1.75374
-1.16604	-1.04442	-1.27857
-2.12773	-2.19553	-0.652082
-0.933653	-3.0122	-0.653841
-0.878807	-2.97199	-0.604006
0.129992	-2.84013	0.0312381
1.13196	-2.18754	1.05811
1.13196	-2.18754	1.05811
0.0242837	-2.20187	0.359002
0.0242837	-2.20187	0.359002
0.0242837	-2.20187	0.359002
-0.252648	-1.55769	0.228729
-0.157817	-0.490442	1.21711
-1.17722	-1.41697	0.127897
-1.93071	-1.15156	-0.203565
-1.93071	-1.15156	-0.203565
-1.93071	-1.15156	-0.203565
-1.3532	-1.98473	1.024
-1.06582	-1.72203	1.44735
-0.677207	-2.10295	0.698782
-0.677207	-2.10295	0.698782
-0.677207	-2.10295	0.698782
-0.0132844	-1.36328	0.106655
0.249073	-0.340852	-0.489983
0.249073	-0.340852	-0.489983
0.781121	0.158339	-0.622881
1.50135	-0.996073	-1.38913
0.404388	-1.64634	-0.831467
0.404388	-1.64634	-0.831467
0.404388	-1.64634	-0.831467
0.966759	-0.607942	-0.500659
0.966759	-0.607942	-0.500659
0.966759	-0.607942	-0.500659
-0.273982	-1.44868	-0.254701
-0.273982	-1.44868	-0.254701
0.802003	-1.25257	-0.190633
0.908915	-0.844402	-0.00789516
0.908915	-0.844402	-0.00789516
-0.340883	-1.60356	0.621665
-0.0189467	-1.30994	0.0723629
-0.0189467	-1.30994	0.0723629
0.647273	-0.793969	-0.21889
0.647273	-0.793969	-0.21889
-0.446336	-0.787861	-0.185302
-0.446336	-0.787861	-0.185302
-0.446336	-0.787861	-0.185302
-0.446336	-0.787861	-0.185302
-0.446336	-0.787861	-0.185302
-0.446336	-0.787861	-0.185302
-0.446336	-0.787861	-0.185302
-0.446336	-0.787861	-0.185302
0.505636	-1.4392	0.0908061
-0.688475	-1.14694	1.09552
0.515656	-0.87377	0.120515
0.47116	-0.0871699	0.52653
0.47116	-0.0871699	0.52653
-0.0784774	0.14659	-0.622457
-0.100607	0.336412	0.284568
-0.100607	0.336412	0.284568
-0.100607	0.336412	0.284568
-0.100607	0.336412	0.284568
-0.100607	0.336412	0.284568
-0.100607	0.336412	0.284568
-0.100607	0.336412	0.284568
-0.100607	0.336412	0.284568
-0.100607	0.336412	0.284568
-0.100607	0.336412	0.284568
-0.72943	0.789292	-0.76839
-0.72943	0.789292	-0.76839
0.444836	0.077363	-0.957307
0.444836	0.077363	-0.957307
0.444836	0.077363	-0.957307
1.27166	-0.45334	-0.27642
1.06013	0.12406	-0.59673
1.06013	0.12406	-0.59673
-0.0783152	-0.235733	0.239827
-0.0783152	-0.235733	0.239827
-0.0783152	-0.235733	0.239827
-0.0783152	-0.235733	0.239827
-0.827078	-1.23212	0.818313
-0.827078	-1.23212	0.818313
-0.760843	-0.547446	1.48906
-1.67032	-0.929334	0.744216
-2.18948	-0.708979	-0.180154
-1.26371	-1.7565	0.820258
-1.50433	-2.28791	0.321947
-1.62325	-1.41067	0.185754
-1.36643	-1.93691	-0.796695
-1.36643	-1.93691	-0.796695
-1.36643	-1.93691	-0.796695
-1.36643	-1.93691	-0.796695
-1.03765	-1.85993	-1.01814
-0.966066	-2.09838	-2.25476
-0.548979	-1.15406	-1.59566
-0.981846	-1.76259	-2.42375
-0.746605	-2.08452	-1.54166
-0.408191	-1.91334	-2.45905
-0.640432	-0.665002	-2.46215
-1.56536	-1.19296	-1.73678
-1.56536	-1.19296	-1.73678
-2.57476	-0.915154	-0.61045
-1.64567	0.195012	-1.8213
-0.765089	0.355404	-1.07018
-0.218709	1.43716	-1.21738
0.312293	1.08804	-0.310202
-0.672932	1.93144	0.764781
0.0687987	3.00512	1.49262
-0.0133945	2.6749	2.1705
-0.292269	2.56811	2.1358
-0.292269	2.56811	2.1358
-0.911777	2.76589	0.892827
-1.91069	2.55773	-0.0258307
-2.30006	1.67189	-0.0288478
-2.30006	1.67189	-0.0288478
-1.84231	0.880918	-1.0858
-1.46596	1.76081	-0.620311
-1.46596	1.76081	-0.620311
-1.46596	1.76081	-0.620311
-1.46596	1.76081	-0.620311
-1.46596	1.76081	-0.620311
-1.46596	1.76081	-0.620311
-0.700028	0.555945	-0.853482
-0.700028	0.555945	-0.853482
-0.247892	0.512128	-0.463842
-0.247892	0.512128	-0.463842
-0.247892	0.512128	-0.463842
-0.247892	0.512128	-0.463842
0.104809	-0.30581	-0.410781
0.104809	-0.30581	-0.410781
0.104809	-0.30581	-0.410781
0.104809	-0.30581	-0.410781
0.728723	-0.391513	-1.01264
0.728723	-0.391513	-1.01264
0.728723	-0.391513	-1.01264
0.768329	-0.95868	-1.52065
0.768329	-0.95868	-1.52065
1.09768	-0.889921	-0.600328
1.09768	-0.889921	-0.600328
0.293018	0.241878	-1.77748
0.293018	0.241878	-1.77748
0.511011	0.5483	-1.15989
1.68675	-0.619941	-1.33894
0.843746	0.309633	-1.25007
1.06803	-0.74793	-1.28933
1.06803	-0.74793	-1.28933
1.06803	-0.74793	-1.28933
0.239152	-0.725721	-1.67513
0.239152	-0.725721	-1.67513
1.42838	-0.199118	-1.39395
0.310258	0.0156633	-1.68411
-0.285555	0.471264	-1.574
0.592107	0.406335	-1.26942
0.592107	0.406335	-1.26942
0.592107	0.406335	-1.26942
-0.515266	0.627074	-0.824438
-0.515266	0.627074	-0.824438
0.521367	0.69782	-1.30932
0.801502	1.20201	-0.40024
0.801502	1.20201	-0.40024
0.801502	1.20201	-0.40024
0.441093	1.98837	0.815571
0.826254	2.59519	0.289524
-0.377707	2.40675	-0.115766
-0.497013	2.38708	-0.141691
-0.497013	2.38708	-0.141691
0.126774	1.16945	-0.859243
0.126774	1.16945	-0.859243
0.126774	1.16945	-0.859243
0.126774	1.16945	-0.859243
1.21929	1.25516	0.256929
1.21929	1.25516	0.256929
0.616213	0.319033	-0.130769
0.616213	0.319033	-0.130769
0.0541368	-0.336418	0.521089
0.0541368	-0.336418	0.521089
0.897426	-0.368698	0.13578
0.00767839	-0.272973	-0.553578
0.00767839	-0.272973	-0.553578
0.00767839	-0.272973	-0.553578
-0.0226165	-0.730084	-0.44662
-0.0226165	-0.730084	-0.44662
0.451203	-0.785587	-0.340606
0.451203	-0.785587	-0.340606
0.439538	-0.384397	-0.322559
0.439538	-0.384397	-0.322559
0.439538	-0.384397	-0.322559
0.439538	-0.384397	-0.322559
0.439538	-0.384397	-0.322559
0.439538	-0.384397	-0.322559
0.439538	-0.384397	-0.322559
0.219805	0.0923199	-0.615328
0.219805	0.0923199	-0.615328
-0.240623	-0.0787606	-0.818711
-0.240623	-0.0787606	-0.818711
-0.240623	-0.0787606	-0.818711
-0.240623	-0.0787606	-0.818711
-0.240623	-0.0787606	-0.818711
-0.240623	-0.0787606	-0.818711
-1.19372	-0.183277	0.0658841
-0.0509611	-0.228891	-0.61157
-0.0509611	-0.228891	-0.61157
-0.0509611	-0.228891	-0.61157
-0.0509611	-0.228891	-0.61157
-0.0509611	-0.228891	-0.61157
-0.0509611	-0.228891	-0.61157
-0.0509611	-0.228891	-0.61157
-0.292488	-1.42246	0.425979
-0.14628	-1.34341	-0.0147004
0.892377	-2.23205	-0.746361
-0.189737	-1.3974	0.249476
1.04639	-0.916632	0.990817
1.45783	-1.90007	-0.0970804
1.56384	-1.10414	0.943326
1.56384	-1.10414	0.943326
1.56384	-1.10414	0.943326
1.56384	-1.10414	0.943326
0.806347	-0.889846	0.17442
0.806347	-0.889846	0.17442
-0.33121	-0.862282	-0.43032
-1.28786	-0.0428873	0.296751
-1.28786	-0.0428873	0.296751
-1.28786	-0.0428873	0.296751
-0.70177	0.464433	-0.802902
-0.70177	0.464433	-0.802902
