x	y	z
31.701	26.3404	27.6077
30.92	26.8529	28.8853
32.3643	28.5441	24.6487
32.3643	28.5441	24.6487
32.5389	28.6106	20.5617
32.0612	27.481	23.0124
32.0612	27.481	23.0124
32.0612	27.481	23.0124
31.3946	28.5687	21.9662
29.3671	27.3467	25.2921
28.3595	25.8953	22.7167
28.3595	25.8953	22.7167
28.3595	25.8953	22.7167
28.3595	25.8953	22.7167
27.3408	26.7652	22.7459
26.4339	25.4357	25.038
26.4339	25.4357	25.038
27.4467	24.2546	26.4229
28.2881	21.8251	27.6752
28.2881	21.8251	27.6752
29.2078	20.7935	26.7951
28.2619	20.2366	27.9088
29.8955	21.1018	25.7899
29.6032	19.6812	25.0397
28.1353	20.0513	26.267
28.1353	20.0513	26.267
28.2684	21.0464	24.8901
28.2684	21.0464	24.8901
30.8552	21.9527	23.6735
30.8552	21.9527	23.6735
32.1754	22.8454	21.7575
28.7526	24.5691	18.2837
30.8477	22.541	19.35
29.7776	21.1888	16.0146
29.7776	21.1888	16.0146
27.7978	19.2131	15.8801
25.9094	19.1399	15.1049
25.9094	19.1399	15.1049
25.0799	17.1249	18.4568
23.7224	18.2688	19.2861
23.7224	18.2688	19.2861
23.7224	18.2688	19.2861
23.7224	18.2688	19.2861
21.1478	18.9454	18.569
21.1478	18.9454	18.569
21.2579	17.407	20.6844
21.2579	17.407	20.6844
21.2579	17.407	20.6844
17.3651	18.9205	20.6146
17.7432	17.8994	20.8865
16.3115	19.2063	20.8774
15.6697	20.5137	20.124
14.7087	20.5969	16.049
14.7087	20.5969	16.049
12.6611	19.0645	17.6983
12.6611	19.0645	17.6983
10.1225	20.4795	17.2764
10.1225	20.4795	17.2764
12.0018	21.651	14.2025
13.9164	18.7594	12.8709
15.6498	16.874	13.8492
15.6498	16.874	13.8492
15.6498	16.874	13.8492
15.6498	16.874	13.8492
15.7445	15.7776	10.926
15.7445	15.7776	10.926
13.0314	16.7685	12.2791
10.8903	18.2109	9.70554
9.25046	18.6432	9.31574
7.26088	17.6074	11.5393
4.72612	18.123	9.19351
5.01697	15.5595	8.79579
1.31406	15.5345	8.90277
1.31406	15.5345	8.90277
0.828153	17.6088	8.31373
5.02589	14.2028	6.68775
3.3572	14.7448	6.67244
3.3572	14.7448	6.67244
3.4013	14.1379	5.53466
3.95404	13.8584	6.73522
6.1183	13.7211	7.19996
6.1183	13.7211	7.19996
4.76345	15.117	8.16035
4.76345	15.117	8.16035
4.76345	15.117	8.16035
5.46034	11.905	9.02243
5.46034	11.905	9.02243
5.46034	11.905	9.02243
6.46546	11.2726	8.70702
6.26939	10.2846	5.63869
6.26939	10.2846	5.63869
4.49462	8.89526	5.44757
3.63796	6.84855	6.49554
3.63796	6.84855	6.49554
7.31468	3.44265	4.87857
8.0649	4.72577	2.16944
8.0649	4.72577	2.16944
5.12168	3.19556	2.98192
5.12168	3.19556	2.98192
1.35459	4.03364	2.22829
1.35459	4.03364	2.22829
1.35459	4.03364	2.22829
1.35459	4.03364	2.22829
-1.3447	3.40139	1.19288
-1.62738	0.182566	0.418512
-0.271496	-0.505916	-1.74055
2.20595	0.361382	-5.08914
2.20595	0.361382	-5.08914
2.20595	0.361382	-5.08914
0.630727	-1.65395	-4.18432
0.24382	-1.19287	-5.78839
0.489246	-0.346105	-7.65447
0.489246	-0.346105	-7.65447
3.22377	0.447363	-7.45675
1.88843	0.129905	-6.85665
1.88843	0.129905	-6.85665
1.88843	0.129905	-6.85665
3.02983	-0.670374	-3.41128
0.0905116	1.52036	-4.34368
0.685298	2.13813	-3.1915
0.685298	2.13813	-3.1915
1.12191	-1.26428	-5.00527
-0.291971	0.231823	-5.171
-2.79379	1.22934	-3.76484
-2.79379	1.22934	-3.76484
-2.79379	1.22934	-3.76484
-3.28231	-0.465819	-5.19883
-2.47998	-1.48985	-5.02531
-0.176117	-2.44402	-3.94333
-0.508896	0.0417804	-3.4305
0.397255	1.04472	-1.69395
0.397255	1.04472	-1.69395
0.397255	1.04472	-1.69395
1.36359	-0.643939	1.457
1.36359	-0.643939	1.457
0.600417	-0.763725	-1.7009
0.600417	-0.763725	-1.7009
0.600417	-0.763725	-1.7009
0.135156	0.228741	-2.04286
-0.127785	-0.534472	-2.41727
-0.127785	-0.534472	-2.41727
-0.127785	-0.534472	-2.41727
-0.985297	-2.88171	-2.54655
-0.985297	-2.88171	-2.54655
-0.985297	-2.88171	-2.54655
-0.985297	-2.88171	-2.54655
-0.43268	-2.19094	-3.48485
0.923483	-0.176347	-1.31239
0.923483	-0.176347	-1.31239
2.06058	0.866052	-2.654
2.06058	0.866052	-2.654
1.1736	0.611545	-2.97999
1.1736	0.611545	-2.97999
1.1736	0.611545	-2.97999
1.1736	0.611545	-2.97999
1.76126	0.416146	-4.11157
1.21874	-1.59428	-2.26956
0.0950802	-0.96658	-0.955016
0.0950802	-0.96658	-0.955016
-0.138243	-0.490922	-1.04641
-0.138243	-0.490922	-1.04641
-0.138243	-0.490922	-1.04641
-0.83412	-1.35587	-2.21404
-0.83412	-1.35587	-2.21404
-0.83412	-1.35587	-2.21404
-2.01344	-1.40095	1.9031
-2.01344	-1.40095	1.9031
-2.09777	2.63518	2.76411
-2.45181	1.59341	4.40288
-2.45181	1.59341	4.40288
-2.45181	1.59341	4.40288
-2.45181	1.59341	4.40288
-0.0693188	2.06266	1.04683
-0.318962	4.25747	2.66712
-0.318962	4.25747	2.66712
-1.14943	3.10952	3.54047
-1.46912	4.22544	3.92698
-1.46912	4.22544	3.92698
-1.28507	4.54253	4.73028
1.59595	4.95372	2.68972
1.59595	4.95372	2.68972
4.19639	4.38105	2.86087
3.63583	1.8529	5.18873
3.63583	1.8529	5.18873
3.63583	1.8529	5.18873
3.63583	1.8529	5.18873
3.63583	1.8529	5.18873
3.63583	1.8529	5.18873
3.63583	1.8529	5.18873
2.89626	1.49118	4.91783
2.89626	1.49118	4.91783
2.89626	1.49118	4.91783
2.89626	1.49118	4.91783
2.89626	1.49118	4.91783
1.3204	1.30629	2.69159
1.3204	1.30629	2.69159
1.3204	1.30629	2.69159
1.3204	1.30629	2.69159
1.35901	0.402829	1.75698
-1.0577	-0.791052	2.48554
-1.0577	-0.791052	2.48554
-1.0577	-0.791052	2.48554
-1.0577	-0.791052	2.48554
-1.0577	-0.791052	2.48554
-1.46006	-1.55805	3.67358
-0.977811	-0.0170875	2.82656
-0.977811	-0.0170875	2.82656
-0.977811	-0.0170875	2.82656
-0.977811	-0.0170875	2.82656
0.427852	1.7455	3.18286
0.427852	1.7455	3.18286
0.18198	2.49577	5.33931
-0.251316	1.36229	6.60744
-1.51883	-2.98205	5.55834
-1.18952	-2.74957	6.37121
-0.422494	-5.1023	2.98285
3.51455	-3.15805	4.18819
1.86081	1.4527	6.64668
4.97117	2.67161	3.89437
6.34839	2.41027	3.17802
6.34839	2.41027	3.17802
6.34839	2.41027	3.17802
6.34839	2.41027	3.17802
6.34839	2.41027	3.17802
6.34839	2.41027	3.17802
4.31171	2.22711	2.26561
2.94173	2.45067	2.07214
0.989619	2.44739	1.8852
0.372057	1.42062	1.57351
0.372057	1.42062	1.57351
1.90853	1.41672	1.4363
3.03484	0.218215	2.53149
3.03484	0.218215	2.53149
3.03484	0.218215	2.53149
3.03484	0.218215	2.53149
0.865689	-0.513738	1.11741
0.865689	-0.513738	1.11741
2.09959	-1.10025	0.586476
2.09959	-1.10025	0.586476
2.09959	-1.10025	0.586476
2.09959	-1.10025	0.586476
2.09959	-1.10025	0.586476
-1.05365	-1.854	3.33656
-1.05365	-1.854	3.33656
-1.05365	-1.854	3.33656
-1.05365	-1.854	3.33656
-0.60342	1.24756	3.74289
0.904118	-2.22016	4.07047
0.904118	-2.22016	4.07047
0.904118	-2.22016	4.07047
0.904118	-2.22016	4.07047
0.656658	-3.70657	2.20422
0.656658	-3.70657	2.20422
-0.608851	-1.13411	4.31438
-0.608851	-1.13411	4.31438
-0.608851	-1.13411	4.31438
-1.1105	-1.55424	4.46841
-1.31421	-1.15646	0.892903
-0.349998	-3.336	1.95339
-0.470494	-3.01289	-0.981415
-0.470494	-3.01289	-0.981415
-0.470494	-3.01289	-0.981415
-0.470494	-3.01289	-0.981415
-1.24733	-3.69283	-1.32645
0.843587	-3.49638	-2.28793
1.66834	-2.33529	-3.39939
2.3264	-1.4143	-5.07157
-1.13494	-1.33474	-6.15222
-1.13494	-1.33474	-6.15222
-1.13494	-1.33474	-6.15222
-1.13494	-1.33474	-6.15222
1.77338	-2.72746	-5.93098
-2.08652	-2.00572	-4.8597
-2.08652	-2.00572	-4.8597
-2.08652	-2.00572	-4.8597
-0.799181	-2.46493	-3.1014
-0.799181	-2.46493	-3.1014
-1.07262	-1.60052	-3.01936
0.310347	-1.05438	-4.72216
0.310347	-1.05438	-4.72216
0.310347	-1.05438	-4.72216
-0.410184	-1.98592	-3.7694
0.141987	-0.424649	-3.20747
0.141987	-0.424649	-3.20747
0.141987	-0.424649	-3.20747
0.141987	-0.424649	-3.20747
0.141987	-0.424649	-3.20747
0.141987	-0.424649	-3.20747
0.141987	-0.424649	-3.20747
-0.808318	-0.728721	-2.05833
-0.808318	-0.728721	-2.05833
-1.4108	1.72134	-3.93186
-1.4108	1.72134	-3.93186
-0.69673	0.792891	-1.60502
1.15559	-1.6461	-2.30843
1.15559	-1.6461	-2.30843
1.15559	-1.6461	-2.30843
-1.96627	-0.91999	-2.53602
-1.96627	-0.91999	-2.53602
-1.96627	-0.91999	-2.53602
-1.96627	-0.91999	-2.53602
-1.96627	-0.91999	-2.53602
-1.96627	-0.91999	-2.53602
-2.99409	-0.530221	-2.41155
-2.99409	-0.530221	-2.41155
-2.99409	-0.530221	-2.41155
-2.99409	-0.530221	-2.41155
-1.41267	-0.498162	-1.38796
-0.0860813	-1.34582	-1.69051
-1.52565	-0.897191	-1.87353
-1.52565	-0.897191	-1.87353
-2.43916	-1.51505	-3.40679
-2.79672	-5.04529	-3.58245
-1.12597	-5.9258	-3.4565
0.548046	-1.95217	-0.659971
-1.41139	-1.48308	-4.16134
-1.41139	-1.48308	-4.16134
-1.41139	-1.48308	-4.16134
-1.41139	-1.48308	-4.16134
0.862843	0.0529042	-4.14357
-0.295178	0.211581	-3.70371
-0.295178	0.211581	-3.70371
-0.295178	0.211581	-3.70371
1.55927	-0.595607	-3.70613
1.55927	-0.595607	-3.70613
1.55927	-0.595607	-3.70613
1.55927	-0.595607	-3.70613
1.55927	-0.595607	-3.70613
1.55927	-0.595607	-3.70613
1.55927	-0.595607	-3.70613
-0.611928	1.41773	-4.48454
2.12809	1.38969	-3.59807
2.12809	1.38969	-3.59807
2.38543	-0.980543	-2.05389
2.38543	-0.980543	-2.05389
3.12204	1.60985	-1.76125
3.12204	1.60985	-1.76125
3.12204	1.60985	-1.76125
1.55	2.5056	0.474581
2.51715	1.08935	3.37782
2.51715	1.08935	3.37782
2.51715	1.08935	3.37782
2.51715	1.08935	3.37782
-0.145678	1.18121	3.85836
-0.145678	1.18121	3.85836
-0.145678	1.18121	3.85836
-1.28383	4.29797	5.3964
-3.24321	1.87621	6.87717
-5.5781	-1.42165	6.71462
-4.65708	-1.78049	7.86079
-0.529744	-0.4529	5.05828
-0.529744	-0.4529	5.05828
-1.32097	-1.48586	5.66172
-1.32097	-1.48586	5.66172
-1.32097	-1.48586	5.66172
-3.7064	-0.316858	4.46093
-3.7064	-0.316858	4.46093
-3.7064	-0.316858	4.46093
-2.1661	-0.990132	4.24256
-2.1661	-0.990132	4.24256
-2.3318	-3.06994	6.82791
-2.3318	-3.06994	6.82791
-3.51933	-2.80982	4.51703
-3.51933	-2.80982	4.51703
-3.51933	-2.80982	4.51703
-0.495565	-1.41607	4.8463
-0.495565	-1.41607	4.8463
-0.495565	-1.41607	4.8463
-1.50478	-2.18794	6.04006
-1.50478	-2.18794	6.04006
-1.50478	-2.18794	6.04006
-1.50478	-2.18794	6.04006
-2.75629	-3.08557	6.71879
-2.21818	-0.344884	5.85096
-1.35393	-1.57082	5.19043
-1.35393	-1.57082	5.19043
-1.35393	-1.57082	5.19043
-1.35393	-1.57082	5.19043
-4.44389	-0.90675	6.1345
-5.31005	-3.53831	5.25485
-3.2922	-4.99743	3.27292
-3.2922	-4.99743	3.27292
-5.04131	-3.49863	3.47841
0.410132	-1.24581	1.46519
-1.10195	-1.99233	-1.98155
-1.10195	-1.99233	-1.98155
-0.940412	-2.5957	-2.70908
-0.940412	-2.5957	-2.70908
-0.189822	-2.21854	-2.805
-0.189822	-2.21854	-2.805
2.56698	-2.26604	-2.51146
2.56698	-2.26604	-2.51146
1.76494	-2.3363	-7.2384
3.52338	-2.22073	-3.34044
3.52338	-2.22073	-3.34044
3.52338	-2.22073	-3.34044
2.5786	-0.292659	-1.72244
2.29746	-1.94143	-2.39532
2.29746	-1.94143	-2.39532
2.29746	-1.94143	-2.39532
2.29746	-1.94143	-2.39532
3.62666	-2.26405	-2.3031
3.62666	-2.26405	-2.3031
3.62666	-2.26405	-2.3031
2.29603	-0.352643	-1.97521
1.66936	-1.90393	-2.87994
-0.306756	-2.29641	-1.28544
-0.19866	-1.85111	-2.05025
0.0600435	-0.890128	1.69621
1.82908	-1.8915	1.59878
1.82908	-1.8915	1.59878
0.669316	-0.796788	1.78962
0.949389	-0.101124	3.28847
0.949389	-0.101124	3.28847
0.949389	-0.101124	3.28847
0.949389	-0.101124	3.28847
0.949389	-0.101124	3.28847
0.153124	-0.863552	5.05502
-0.363746	-1.88114	5.06598
-0.363746	-1.88114	5.06598
0.518861	-1.73219	4.73832
1.67185	0.341653	2.77554
1.67185	0.341653	2.77554
1.67185	0.341653	2.77554
3.24745	1.29131	2.88539
0.781429	2.5282	2.45133
0.781429	2.5282	2.45133
-2.08897	1.75993	1.51266
-1.50762	3.32376	2.47433
0.0145015	1.43023	1.23983
0.0145015	1.43023	1.23983
0.0145015	1.43023	1.23983
0.0145015	1.43023	1.23983
-0.63141	-0.484989	1.72119
-0.63141	-0.484989	1.72119
-0.63141	-0.484989	1.72119
-0.63141	-0.484989	1.72119
-0.63141	-0.484989	1.72119
-0.63141	-0.484989	1.72119
0.398228	-1.67415	-0.795299
2.2477	-3.03938	2.34054
0.893155	-1.21585	2.56242
0.893155	-1.21585	2.56242
0.886396	-0.992	4.12664
-2.10703	0.448204	5.87575
-2.07653	-1.89248	6.32738
-2.07653	-1.89248	6.32738
-2.07653	-1.89248	6.32738
-5.02718	-3.04536	6.80122
-5.02718	-3.04536	6.80122
-6.3224	-1.11667	4.92972
-5.50372	-0.228003	4.07725
-5.50372	-0.228003	4.07725
-5.50372	-0.228003	4.07725
-4.61528	2.20561	4.67222
-4.61528	2.20561	4.67222
-2.4364	1.81664	6.25973
-4.35652	-0.657463	4.49397
-4.35652	-0.657463	4.49397
-3.58555	0.140709	2.45804
-2.02637	2.4463	0.871283
-2.01504	4.55488	0.966077
-2.20692	4.1563	0.88544
-2.20692	4.1563	0.88544
-2.20692	4.1563	0.88544
-2.56999	1.75495	2.20181
-2.19561	-0.94979	3.80239
-2.19561	-0.94979	3.80239
-2.19561	-0.94979	3.80239
-0.766993	-0.259902	1.36698
-0.766993	-0.259902	1.36698
-0.766993	-0.259902	1.36698
-0.766993	-0.259902	1.36698
-0.454822	1.41723	-3.58088
2.33247	-1.87106	-4.23676
5.06348	-2.7343	-5.18679
5.06348	-2.7343	-5.18679
2.08447	-2.8198	-3.69761
0.435299	-1.25017	-4.9397
0.808404	0.665756	-3.619
-1.19251	-0.195934	-5.57561
0.317909	-1.0618	-4.41566
0.317909	-1.0618	-4.41566
1.74351	1.50868	-1.12423
1.74351	1.50868	-1.12423
1.74351	1.50868	-1.12423
2.15905	1.68504	0.437849
3.32292	2.81456	2.21113
3.32292	2.81456	2.21113
3.32292	2.81456	2.21113
3.32292	2.81456	2.21113
3.11667	2.35566	3.47341
3.11667	2.35566	3.47341
1.21804	1.63345	2.06656
1.21804	1.63345	2.06656
1.21804	1.63345	2.06656
1.21804	1.63345	2.06656
1.21804	1.63345	2.06656
1.21804	1.63345	2.06656
1.21804	1.63345	2.06656
1.21804	1.63345	2.06656
1.14311	0.107075	4.98606
-1.99199	1.00551	4.76751
-1.99199	1.00551	4.76751
0.929429	-1.29519	5.25875
0.929429	-1.29519	5.25875
0.929429	-1.29519	5.25875
0.929429	-1.29519	5.25875
0.929429	-1.29519	5.25875
0.877868	-2.06911	3.66411
1.38518	-3.31311	2.33189
0.540949	-1.91325	1.52154
0.540949	-1.91325	1.52154
0.540949	-1.91325	1.52154
0.540949	-1.91325	1.52154
0.540949	-1.91325	1.52154
0.639115	-4.04263	-2.16375
0.639115	-4.04263	-2.16375
0.639115	-4.04263	-2.16375
0.639115	-4.04263	-2.16375
1.27518	-0.471644	1.44885
2.17914	2.15058	-1.22804
1.46312	0.9927	-3.54276
2.6021	-0.778563	-3.52082
-0.831482	-0.94313	-3.59833
-0.732747	-1.32967	-2.09771
-0.732747	-1.32967	-2.09771
-1.15312	-1.05946	-1.90192
-1.15312	-1.05946	-1.90192
-1.15312	-1.05946	-1.90192
0.702777	0.992959	-4.00393
0.702777	0.992959	-4.00393
0.702777	0.992959	-4.00393
1.75046	0.305059	-2.78744
2.62533	2.07693	-1.88762
2.62533	2.07693	-1.88762
2.62533	2.07693	-1.88762
0.52023	2.02544	-3.50209
0.52023	2.02544	-3.50209
0.52023	2.02544	-3.50209
0.0148767	-0.0569447	-3.05224
0.483063	1.68452	1.2046
0.483063	1.68452	1.2046
-1.312	1.96167	1.80537
-1.312	1.96167	1.80537
-1.312	1.96167	1.80537
0.182	0.872944	-1.09481
0.182	0.872944	-1.09481
0.182	0.872944	-1.09481
0.682156	1.38255	0.751515
0.682156	1.38255	0.751515
0.682156	1.38255	0.751515
-0.10747	2.29297	1.65895
1.59089	-0.90134	3.62117
-0.634756	-2.4094	1.68162
-0.634756	-2.4094	1.68162
-2.38366	-3.93774	3.49955
-1.01883	-5.17209	5.28502
-1.30216	-5.10424	2.91303
-1.30216	-5.10424	2.91303
-0.571247	-3.72625	4.20398
-3.2382	-3.55255	-1.24471
-4.66186	-1.63283	-0.999369
-5.96568	-1.17705	-0.74669
-5.96568	-1.17705	-0.74669
-5.96568	-1.17705	-0.74669
-3.72152	0.693381	-2.94222
-2.06682	0.147425	-4.63896
-2.06682	0.147425	-4.63896
-1.46234	0.397017	-4.08267
-2.05767	-0.950086	-2.71847
-2.05767	-0.950086	-2.71847
-0.582646	1.62335	-0.788395
-0.582646	1.62335	-0.788395
0.0712367	-0.548313	-3.1932
0.0712367	-0.548313	-3.1932
0.0712367	-0.548313	-3.1932
0.0712367	-0.548313	-3.1932
0.0712367	-0.548313	-3.1932
-0.77684	0.702038	-1.99686
-0.77684	0.702038	-1.99686
-2.40342	-1.64401	-1.14259
-2.40342	-1.64401	-1.14259
-2.40342	-1.64401	-1.14259
-3.84423	-2.5931	0.707561
-3.84423	-2.5931	0.707561
-3.48547	-1.62158	1.69251
-3.36454	0.619472	-3.52574
-3.36454	0.619472	-3.52574
-3.36454	0.619472	-3.52574
-3.00912	2.5964	-5.06912
-3.60352	-0.212211	-5.96949
-4.39836	0.838136	-6.42246
-4.35477	2.22228	-5.66606
-2.92496	1.96086	-4.60765
-4.16993	0.0378687	-3.57209
-2.33707	2.88633	-3.42743
-1.77112	-1.51634	-4.82229
-1.77112	-1.51634	-4.82229
-1.77112	-1.51634	-4.82229
-1.12734	-1.03981	-5.88859
-0.47789	-1.0207	-5.6674
1.11005	0.522172	-4.48323
0.22384	-0.0796543	-0.913887
0.22384	-0.0796543	-0.913887
0.22384	-0.0796543	-0.913887
0.481284	0.185984	1.55621
0.481284	0.185984	1.55621
0.481284	0.185984	1.55621
0.481284	0.185984	1.55621
-2.01337	-0.836427	1.3013
-1.59555	1.93934	3.03443
-1.4759	-0.0384138	-2.26456
-1.4759	-0.0384138	-2.26456
-1.4759	-0.0384138	-2.26456
-1.4759	-0.0384138	-2.26456
-2.17568	-1.0176	-3.81192
-2.17568	-1.0176	-3.81192
-1.9447	-1.44355	-4.70412
-0.601747	1.10553	-3.46952
-0.514276	1.13876	-3.78274
-0.791261	1.85084	-3.68123
-0.791261	1.85084	-3.68123
-1.94901	0.733201	-1.75335
0.451682	0.926432	2.49194
0.451682	0.926432	2.49194
0.451682	0.926432	2.49194
0.451682	0.926432	2.49194
-0.151837	2.01357	3.20716
0.365372	1.97371	4.28738
0.365372	1.97371	4.28738
0.365372	1.97371	4.28738
-0.500277	2.1846	2.62535
-0.107666	0.476115	3.91614
0.041632	-0.974223	2.43822
0.041632	-0.974223	2.43822
0.041632	-0.974223	2.43822
0.853573	1.06697	3.42158
0.853573	1.06697	3.42158
0.853573	1.06697	3.42158
2.8344	1.45044	3.70361
2.8344	1.45044	3.70361
2.8344	1.45044	3.70361
2.73314	3.80965	3.88085
2.52991	3.70917	3.77823
1.56422	2.52767	3.77137
1.56422	2.52767	3.77137
1.30431	0.683271	1.89541
-1.05906	0.761041	2.09898
-1.05906	0.761041	2.09898
-0.777765	-0.444744	2.54399
0.289476	1.69355	3.65275
-1.64299	2.32808	4.36543
-1.64299	2.32808	4.36543
0.0143895	1.04132	3.82396
0.0209584	0.786756	4.55025
-0.944044	0.313682	3.8174
-3.6583	1.7537	2.74763
-2.72662	-1.69211	0.942214
-4.18653	-0.81451	-3.09804
-4.18653	-0.81451	-3.09804
-4.33688	-1.86138	-3.35722
-4.33688	-1.86138	-3.35722
-2.6946	-3.81611	-5.49035
0.569658	-3.10745	-3.26378
0.569658	-3.10745	-3.26378
1.79023	-2.96705	-5.28689
1.15868	-3.52039	-4.56974
1.15868	-3.52039	-4.56974
2.79086	-0.679235	-4.73505
2.79086	-0.679235	-4.73505
2.41089	-1.85851	-7.71167
2.41089	-1.85851	-7.71167
3.29415	-1.09573	-7.25488
3.29415	-1.09573	-7.25488
3.29415	-1.09573	-7.25488
3.29415	-1.09573	-7.25488
3.29415	-1.09573	-7.25488
1.95647	-0.00396102	-7.85625
-2.11835	-0.357249	-6.929
-2.11835	-0.357249	-6.929
-2.11835	-0.357249	-6.929
-2.11835	-0.357249	-6.929
-2.11835	-0.357249	-6.929
-1.40957	2.13112	-4.84194
-1.40957	2.13112	-4.84194
-1.40957	2.13112	-4.84194
-1.40957	2.13112	-4.84194
1.34448	1.15106	-3.64415
0.165522	0.647439	-3.82669
-0.793783	0.735664	-2.94632
-0.793783	0.735664	-2.94632
-0.793783	0.735664	-2.94632
-0.793783	0.735664	-2.94632
-0.793783	0.735664	-2.94632
-0.0678965	1.3788	-3.34701
-0.0678965	1.3788	-3.34701
-0.0678965	1.3788	-3.34701
-0.0678965	1.3788	-3.34701
-0.0678965	1.3788	-3.34701
-1.07037	-2.32871	-3.56295
-1.07037	-2.32871	-3.56295
1.83463	-1.37315	-3.84489
1.82329	-1.70696	-2.28192
1.82329	-1.70696	-2.28192
0.552133	-1.27775	-4.56208
-0.767164	0.346341	-3.65446
-0.352985	-1.07534	-3.19827
-1.29437	-1.51411	-4.82479
-1.546	-1.19612	-2.87849
-0.18001	2.44027	-1.7805
-0.18001	2.44027	-1.7805
-0.18001	2.44027	-1.7805
-0.18001	2.44027	-1.7805
-0.18001	2.44027	-1.7805
-0.18001	2.44027	-1.7805
-0.18001	2.44027	-1.7805
2.47337	2.30289	-3.98113
3.22121	0.783819	-5.07002
3.18075	-0.681151	-3.60209
1.61904	0.60733	-5.53392
1.61904	0.60733	-5.53392
2.12858	-1.55139	-3.56633
0.716995	-2.34	-5.15819
0.716995	-2.34	-5.15819
2.08833	-2.35377	-3.85911
2.15355	-1.60801	-7.24163
2.15355	-1.60801	-7.24163
3.34918	-2.44615	-5.52509
3.34918	-2.44615	-5.52509
3.34918	-2.44615	-5.52509
3.10475	-2.14051	-2.66731
3.10475	-2.14051	-2.66731
3.10475	-2.14051	-2.66731
3.10475	-2.14051	-2.66731
3.10475	-2.14051	-2.66731
3.10475	-2.14051	-2.66731
3.10475	-2.14051	-2.66731
3.11533	-2.2175	-2.4299
2.62148	-0.636985	-2.39214
4.36058	0.376375	-3.3906
4.36058	0.376375	-3.3906
4.36058	0.376375	-3.3906
5.16454	2.18998	-2.6286
2.68794	1.95963	-5.65211
2.68794	1.95963	-5.65211
2.22352	3.44225	-5.05871
3.6438	3.0249	-4.37055
1.8283	3.62049	-6.2637
1.8283	3.62049	-6.2637
3.04839	0.792528	-5.02475
2.07386	0.415156	-7.87755
2.07386	0.415156	-7.87755
2.07386	0.415156	-7.87755
3.48632	0.697974	-6.48832
4.56088	-0.281092	-5.66765
4.56088	-0.281092	-5.66765
2.10925	-2.33816	-4.37166
2.08008	-5.5353	-3.0938
2.08008	-5.5353	-3.0938
2.08008	-5.5353	-3.0938
2.08008	-5.5353	-3.0938
3.9891	-7.88132	-3.14507
3.9891	-7.88132	-3.14507
3.05961	-5.96696	-6.51077
3.05961	-5.96696	-6.51077
4.15368	-4.38461	-5.96167
0.64726	-3.98579	-4.58681
0.64726	-3.98579	-4.58681
-1.81527	-2.44025	-5.21513
-0.848364	-2.04381	-8.84486
-0.848364	-2.04381	-8.84486
-2.70635	-2.24573	-3.81817
-3.62506	1.35442	-3.86009
-3.62506	1.35442	-3.86009
-3.62506	1.35442	-3.86009
-3.62506	1.35442	-3.86009
-3.94002	1.93857	-4.316
-3.00026	3.30375	-1.60784
-2.32422	1.21473	-4.45977
-2.32422	1.21473	-4.45977
-1.6411	0.0194306	-2.06586
-1.6411	0.0194306	-2.06586
-1.6411	0.0194306	-2.06586
-1.6411	0.0194306	-2.06586
-1.6411	0.0194306	-2.06586
-1.6411	0.0194306	-2.06586
-1.6411	0.0194306	-2.06586
-1.6411	0.0194306	-2.06586
-1.6411	0.0194306	-2.06586
-1.6411	0.0194306	-2.06586
-1.6411	0.0194306	-2.06586
-1.6411	0.0194306	-2.06586
-1.6411	0.0194306	-2.06586
-0.601634	-1.1664	-4.54194
-2.59142	-0.719621	-3.25881
-2.59142	-0.719621	-3.25881
-2.59142	-0.719621	-3.25881
-3.29647	0.375595	-2.20934
-3.29647	0.375595	-2.20934
-5.15224	-1.19978	-3.13524
-4.06389	-2.70187	-2.26528
-3.13517	-2.98882	-4.12329
-3.13517	-2.98882	-4.12329
-3.13517	-2.98882	-4.12329
-2.62725	-1.94552	-3.83693
-3.15448	0.318875	-4.44161
-3.7559	1.59789	-4.21291
-1.39191	1.48021	-2.7473
-1.39191	1.48021	-2.7473
-1.39191	1.48021	-2.7473
1.32522	0.364866	-1.95891
1.32522	0.364866	-1.95891
1.32522	0.364866	-1.95891
1.32522	0.364866	-1.95891
1.32522	0.364866	-1.95891
1.32522	0.364866	-1.95891
1.32522	0.364866	-1.95891
1.32522	0.364866	-1.95891
0.485837	0.108543	-2.04519
-0.674502	3.21851	-3.85167
-0.674502	3.21851	-3.85167
0.423267	2.61631	-3.068
0.423267	2.61631	-3.068
0.771997	1.01531	-1.79478
0.771997	1.01531	-1.79478
0.771997	1.01531	-1.79478
0.771997	1.01531	-1.79478
-0.93241	1.91474	-5.35584
-1.61498	3.31303	-5.2114
-0.0814729	4.17967	-4.97422
-0.213322	3.30046	-6.80277
-0.213322	3.30046	-6.80277
-0.213322	3.30046	-6.80277
0.854887	1.84514	-5.3506
0.776425	1.82129	-3.57944
0.776425	1.82129	-3.57944
0.776425	1.82129	-3.57944
0.776425	1.82129	-3.57944
0.776425	1.82129	-3.57944
0.776425	1.82129	-3.57944
4.30973	2.28801	-4.22782
1.52809	-0.515673	-3.4576
1.52809	-0.515673	-3.4576
0.368755	0.636719	-3.23565
-0.901361	0.402239	-1.56347
-0.408394	-1.39927	-1.96931
-0.408394	-1.39927	-1.96931
-0.57031	0.973701	-1.31886
0.63296	0.954741	-1.95225
-0.0325627	-2.7883	-1.15032
-0.481165	-0.516413	-0.405028
-0.481165	-0.516413	-0.405028
-3.08535	1.31024	2.30983
-3.08535	1.31024	2.30983
-3.08535	1.31024	2.30983
-2.34845	3.00361	3.53525
-0.802887	1.37675	4.48623
-0.621688	3.32366	5.40552
-0.621688	3.32366	5.40552
-0.621688	3.32366	5.40552
-0.264082	3.25765	6.40973
-0.264082	3.25765	6.40973
-1.02321	5.12527	4.03814
-1.02321	5.12527	4.03814
-1.30399	4.96999	5.6007
0.00549363	4.77134	4.82484
0.00549363	4.77134	4.82484
-2.03046	4.84829	5.17338
-2.98572	4.7211	3.50005
-0.432111	1.15908	5.04289
-0.432111	1.15908	5.04289
1.18691	1.78452	3.02881
1.18691	1.78452	3.02881
1.18691	1.78452	3.02881
1.18691	1.78452	3.02881
1.18691	1.78452	3.02881
1.18691	1.78452	3.02881
1.18691	1.78452	3.02881
1.18691	1.78452	3.02881
1.18691	1.78452	3.02881
1.18691	1.78452	3.02881
1.57137	3.00298	4.16107
1.57137	3.00298	4.16107
1.57137	3.00298	4.16107
1.57137	3.00298	4.16107
1.57137	3.00298	4.16107
0.375315	5.34067	4.1584
0.375315	5.34067	4.1584
0.914867	5.4983	4.39762
-2.43895	2.66546	4.67815
-2.43895	2.66546	4.67815
-1.49314	3.88556	5.30097
-1.49314	3.88556	5.30097
0.795965	1.28307	4.86877
0.50296	1.83241	2.83228
0.429126	0.371699	2.96433
3.88939	-1.21582	2.48198
3.88939	-1.21582	2.48198
3.88939	-1.21582	2.48198
3.88939	-1.21582	2.48198
3.88939	-1.21582	2.48198
3.88939	-1.21582	2.48198
2.53632	-2.56423	2.96069
0.115434	-2.82695	2.15345
0.115434	-2.82695	2.15345
0.115434	-2.82695	2.15345
2.1534	-3.34689	0.86689
3.72139	-1.01345	-1.56601
3.72139	-1.01345	-1.56601
3.72139	-1.01345	-1.56601
3.72139	-1.01345	-1.56601
3.89056	-2.4333	-1.71664
1.18183	-1.90171	1.72133
1.18183	-1.90171	1.72133
1.52592	0.786108	2.12498
0.630575	-2.59825	3.59744
0.630575	-2.59825	3.59744
0.435949	-2.81007	2.61769
-2.16681	-1.17436	3.36024
-1.04011	0.18293	2.68852
-1.04011	0.18293	2.68852
0.602922	-2.80137	5.54315
0.602922	-2.80137	5.54315
0.602922	-2.80137	5.54315
-0.341299	-4.01396	5.99895
-0.522151	-1.78424	5.06113
-3.60723	0.438688	6.89731
-5.67416	2.31617	3.40796
-2.75554	2.59182	6.89988
-2.75554	2.59182	6.89988
-2.75554	2.59182	6.89988
-2.75554	2.59182	6.89988
-3.46262	3.3772	5.04801
-5.08099	4.67904	5.70289
-5.08099	4.67904	5.70289
-5.85912	3.49373	7.20056
-8.8337	2.58157	8.36263
-8.8337	2.58157	8.36263
-7.19769	3.82061	8.6379
-7.00867	0.926841	9.024
-7.00867	0.926841	9.024
-7.31415	1.29885	8.17097
-3.55562	-1.77153	8.05647
-3.55562	-1.77153	8.05647
-3.55562	-1.77153	8.05647
-4.56412	-2.1993	7.05016
-4.56412	-2.1993	7.05016
-4.12318	-1.85201	9.77934
-4.12318	-1.85201	9.77934
-5.68062	-0.642356	9.77575
-5.68062	-0.642356	9.77575
-5.68062	-0.642356	9.77575
-5.0225	-3.66747	7.1484
-5.0225	-3.66747	7.1484
-5.0225	-3.66747	7.1484
-5.0225	-3.66747	7.1484
-3.47765	-5.53594	6.6679
-4.33204	-7.86564	7.53224
-3.23487	-5.79912	10.7986
-5.24735	-3.83938	11.1651
-5.24735	-3.83938	11.1651
-5.24735	-3.83938	11.1651
-5.24735	-3.83938	11.1651
-5.24735	-3.83938	11.1651
-5.24735	-3.83938	11.1651
-5.76419	-4.19321	11.6071
-5.76419	-4.19321	11.6071
-5.76419	-4.19321	11.6071
-5.76419	-4.19321	11.6071
-5.76419	-4.19321	11.6071
-5.76419	-4.19321	11.6071
-5.76419	-4.19321	11.6071
-7.59449	-2.55712	12.0461
-5.80561	-2.45039	9.96761
-2.38183	-3.36652	8.64692
-3.26485	-2.58454	7.51611
-3.68986	-1.62421	8.38107
-3.68986	-1.62421	8.38107
-3.68986	-1.62421	8.38107
-4.76589	1.46628	7.08585
-2.99187	2.58869	9.67978
-1.43632	3.27326	8.01897
-1.96493	2.39898	8.27278
-0.26459	0.294696	6.7164
-1.70286	-0.589604	5.4613
-2.08458	0.710547	6.77263
-2.38005	-0.899425	3.61606
0.35845	-0.624576	4.45612
0.35845	-0.624576	4.45612
0.405931	-0.685265	2.22709
-2.34915	0.872135	1.972
-2.34915	0.872135	1.972
-2.18647	-0.367925	3.04483
-2.59817	-1.66928	1.32183
-1.74641	-0.457909	3.70671
-1.86594	-1.07506	2.17078
-1.86594	-1.07506	2.17078
-2.71697	-0.367992	2.33619
-1.88252	-1.12541	3.47574
-1.88252	-1.12541	3.47574
-1.88252	-1.12541	3.47574
-1.88252	-1.12541	3.47574
-1.81588	-1.26487	1.63943
-1.81588	-1.26487	1.63943
0.487016	-0.356587	3.52338
0.487016	-0.356587	3.52338
0.487016	-0.356587	3.52338
0.487016	-0.356587	3.52338
-0.950785	-1.21155	3.96965
0.843864	0.417822	2.32111
0.843864	0.417822	2.32111
0.843864	0.417822	2.32111
0.843864	0.417822	2.32111
3.22214	-0.508797	3.24133
-0.225946	0.584316	1.93941
-0.225946	0.584316	1.93941
-0.225946	0.584316	1.93941
-0.225946	0.584316	1.93941
-0.225946	0.584316	1.93941
-0.225946	0.584316	1.93941
-0.225946	0.584316	1.93941
-0.225946	0.584316	1.93941
-0.225946	0.584316	1.93941
0.526286	-2.32276	1.06692
0.526286	-2.32276	1.06692
0.526286	-2.32276	1.06692
1.54605	-0.0633152	3.29457
0.759445	-0.315241	3.38567
-0.409089	0.221221	3.6929
-0.409089	0.221221	3.6929
-0.409089	0.221221	3.6929
-0.409089	0.221221	3.6929
-1.7427	0.385487	3.46664
-2.50063	0.933886	5.18871
-2.50063	0.933886	5.18871
-2.50063	0.933886	5.18871
-2.50063	0.933886	5.18871
0.818026	2.61589	2.27256
0.818026	2.61589	2.27256
-0.524062	2.23353	2.82284
-0.524062	2.23353	2.82284
1.10071	1.24664	5.0855
2.27868	0.0224846	3.78052
2.27868	0.0224846	3.78052
2.27868	0.0224846	3.78052
2.27868	0.0224846	3.78052
0.449921	2.49756	3.57627
0.522072	0.0975173	4.97904
0.522072	0.0975173	4.97904
0.522072	0.0975173	4.97904
-0.440187	-0.151355	4.38585
-0.440187	-0.151355	4.38585
0.572401	1.21289	3.84543
0.572401	1.21289	3.84543
0.572401	1.21289	3.84543
-1.1663	0.569408	3.38091
-1.1663	0.569408	3.38091
-0.441328	0.162339	3.4671
-0.441328	0.162339	3.4671
-0.441328	0.162339	3.4671
-0.790529	-1.73325	3.71939
0.46413	-1.25589	4.34882
-2.28067	-0.240151	3.68749
-1.12352	2.68188	3.59362
-1.12352	2.68188	3.59362
-1.12352	2.68188	3.59362
-0.679821	-0.448109	2.75238
-0.679821	-0.448109	2.75238
-0.679821	-0.448109	2.75238
-0.679821	-0.448109	2.75238
-0.679821	-0.448109	2.75238
-0.679821	-0.448109	2.75238
-0.679821	-0.448109	2.75238
-0.679821	-0.448109	2.75238
-0.729326	-0.177911	1.92736
-0.87995	1.78252	4.10539
-0.87995	1.78252	4.10539
-0.704463	3.5235	3.83469
-1.83793	1.39461	0.844247
-1.83793	1.39461	0.844247
-1.3086	-0.398691	0.563004
1.18085	1.14118	2.21183
1.18085	1.14118	2.21183
1.18085	1.14118	2.21183
-0.786844	-0.743395	1.03894
-1.91152	-1.39163	1.88742
-1.91152	-1.39163	1.88742
-1.48322	-2.23867	1.70429
-1.48322	-2.23867	1.70429
-3.07877	2.25746	2.58448
-3.07877	2.25746	2.58448
-3.61387	1.35483	1.67425
-1.59975	0.265396	3.82146
-0.0302952	2.73932	5.03748
-0.532526	-1.49856	2.14608
-0.532526	-1.49856	2.14608
-0.838649	-1.19483	3.56287
-0.838649	-1.19483	3.56287
-0.0419714	-0.749326	3.239
-1.35687	-1.49229	1.54043
-4.06532	0.516039	2.09089
-4.06532	0.516039	2.09089
-4.06532	0.516039	2.09089
-4.06532	0.516039	2.09089
-4.06532	0.516039	2.09089
-6.14377	-0.762948	1.14182
-4.60466	-3.30887	-1.54793
-4.71521	-5.07254	-1.13452
-4.71521	-5.07254	-1.13452
-4.71521	-5.07254	-1.13452
-2.6908	-3.06168	-3.7482
-0.0628766	-3.46514	-4.66548
-0.0628766	-3.46514	-4.66548
-3.72617	-4.59992	-6.80152
-2.46484	-5.39264	-3.97175
-3.09392	-4.2632	-5.07177
-3.09392	-4.2632	-5.07177
-3.42708	-3.73464	-5.03315
-1.71982	-2.21594	-2.31181
-1.71982	-2.21594	-2.31181
-1.71982	-2.21594	-2.31181
-2.14191	-1.28592	-1.59184
-2.14191	-1.28592	-1.59184
-3.38036	-0.887233	-4.78004
-1.69223	-3.52292	-5.47993
1.8044	-4.07981	-3.47801
1.8044	-4.07981	-3.47801
1.8044	-4.07981	-3.47801
1.8044	-4.07981	-3.47801
1.3324	-2.32701	-5.52961
1.3324	-2.32701	-5.52961
1.3324	-2.32701	-5.52961
1.3324	-2.32701	-5.52961
-1.29689	-2.17532	-6.62848
-2.26722	0.578811	-7.25573
-2.90643	3.05091	-5.22601
-3.63506	2.59133	-5.82958
-4.2409	2.36697	-5.08145
-4.2409	2.36697	-5.08145
-4.2409	2.36697	-5.08145
-0.877564	1.98844	-5.67406
-0.877564	1.98844	-5.67406
0.617858	2.77805	-4.24319
0.617858	2.77805	-4.24319
2.04345	1.80123	-2.19956
-0.0457981	1.14793	-1.96308
-0.0457981	1.14793	-1.96308
-0.0457981	1.14793	-1.96308
-0.0457981	1.14793	-1.96308
0.012156	0.744912	-2.66688
1.71754	0.50724	-1.13503
1.71754	0.50724	-1.13503
1.0139	-1.18154	-3.09459
1.0139	-1.18154	-3.09459
-0.667554	0.12311	-4.08619
-0.667554	0.12311	-4.08619
-0.667554	0.12311	-4.08619
-0.667554	0.12311	-4.08619
-1.47246	0.565346	-4.00679
-1.47246	0.565346	-4.00679
-1.47246	0.565346	-4.00679
-1.47246	0.565346	-4.00679
1.24649	-0.969241	-7.98927
1.24649	-0.969241	-7.98927
1.24649	-0.969241	-7.98927
0.383146	0.69009	-6.25684
0.383146	0.69009	-6.25684
-0.45762	-1.28053	-5.05784
2.87025	-2.89373	-4.26616
0.110084	-1.51964	-3.7675
0.110084	-1.51964	-3.7675
4.6471	0.404912	-3.67662
4.6471	0.404912	-3.67662
2.82187	-0.203575	-2.85826
2.82187	-0.203575	-2.85826
2.82187	-0.203575	-2.85826
1.20498	-2.52473	-2.40472
1.20498	-2.52473	-2.40472
1.20498	-2.52473	-2.40472
1.20498	-2.52473	-2.40472
1.20498	-2.52473	-2.40472
-0.378283	-1.98884	-4.59854
-0.378283	-1.98884	-4.59854
-0.378283	-1.98884	-4.59854
-0.378283	-1.98884	-4.59854
-0.378283	-1.98884	-4.59854
-0.996662	-0.812317	-5.31859
-2.45006	-1.77957	-4.64442
-2.45006	-1.77957	-4.64442
-1.53383	-1.89274	-3.02844
-0.643844	-1.78423	-2.32765
-0.681115	1.31624	-2.52615
-0.681115	1.31624	-2.52615
-0.681115	1.31624	-2.52615
-0.681115	1.31624	-2.52615
-0.681115	1.31624	-2.52615
0.903978	2.35037	-5.05797
0.903978	2.35037	-5.05797
0.903978	2.35037	-5.05797
0.24076	2.09392	-5.59946
0.24076	2.09392	-5.59946
2.40483	1.22007	-5.31792
4.16333	0.427971	-3.64516
4.16333	0.427971	-3.64516
4.16333	0.427971	-3.64516
4.16333	0.427971	-3.64516
4.07002	-0.44076	-3.90936
4.07002	-0.44076	-3.90936
4.07002	-0.44076	-3.90936
3.50173	-0.369523	-3.88716
3.50173	-0.369523	-3.88716
2.2343	-0.607302	-3.96402
2.2343	-0.607302	-3.96402
2.2343	-0.607302	-3.96402
2.2343	-0.607302	-3.96402
0.18997	-0.552279	-3.91544
0.18997	-0.552279	-3.91544
0.18997	-0.552279	-3.91544
0.14922	-1.62864	-2.50159
0.945628	-0.41294	-0.457826
1.47338	-0.735004	0.980925
1.47338	-0.735004	0.980925
1.47338	-0.735004	0.980925
1.47338	-0.735004	0.980925
1.47338	-0.735004	0.980925
1.49057	1.3521	4.01135
0.345586	-0.757626	5.35615
-1.15989	-0.761063	3.72484
-1.15989	-0.761063	3.72484
-1.15989	-0.761063	3.72484
-0.0170159	-1.53175	3.04059
-0.0170159	-1.53175	3.04059
-0.0170159	-1.53175	3.04059
-0.0170159	-1.53175	3.04059
-0.0170159	-1.53175	3.04059
-0.0170159	-1.53175	3.04059
-0.0170159	-1.53175	3.04059
1.32124	-0.0852814	-0.965672
1.32124	-0.0852814	-0.965672
-0.613548	1.49208	0.62175
-0.633778	0.892228	1.58
-0.633778	0.892228	1.58
-0.633778	0.892228	1.58
3.46536	0.245721	-3.33628
3.46536	0.245721	-3.33628
3.46536	0.245721	-3.33628
2.90472	1.11427	-5.5147
2.90472	1.11427	-5.5147
2.90472	1.11427	-5.5147
-1.14973	0.455087	-4.36018
-1.06252	-1.36293	-4.80917
-1.89663	0.109934	-3.39515
-1.89663	0.109934	-3.39515
1.91222	-1.83681	-2.06517
-0.878494	-4.3675	-1.18891
2.00977	-3.70447	-1.18039
2.19457	-2.05943	-0.862519
1.99044	-2.65505	2.27744
3.6456	-2.88461	3.0283
3.6456	-2.88461	3.0283
2.72216	2.10641	2.83407
2.72216	2.10641	2.83407
3.83651	3.42853	3.43106
3.83651	3.42853	3.43106
4.01951	-0.796994	3.16729
4.01951	-0.796994	3.16729
4.01951	-0.796994	3.16729
4.24644	-1.60516	3.04076
4.24644	-1.60516	3.04076
4.24644	-1.60516	3.04076
4.1064	-2.39896	3.30605
4.1064	-2.39896	3.30605
4.1064	-2.39896	3.30605
3.63447	0.810117	2.35471
3.63447	0.810117	2.35471
3.63447	0.810117	2.35471
3.63447	0.810117	2.35471
3.63447	0.810117	2.35471
2.3038	1.21943	1.26506
0.739558	0.469107	1.5221
0.739558	0.469107	1.5221
0.739558	0.469107	1.5221
0.739558	0.469107	1.5221
2.05634	-1.64166	2.49943
2.05634	-1.64166	2.49943
2.05634	-1.64166	2.49943
2.05634	-1.64166	2.49943
2.05634	-1.64166	2.49943
2.05634	-1.64166	2.49943
2.05634	-1.64166	2.49943
2.05634	-1.64166	2.49943
2.05634	-1.64166	2.49943
2.05634	-1.64166	2.49943
2.05634	-1.64166	2.49943
2.05634	-1.64166	2.49943
3.10572	-2.9059	3.21919
3.10572	-2.9059	3.21919
0.849635	-4.44311	3.22302
2.03715	-2.44176	3.40735
2.03715	-2.44176	3.40735
1.62943	-2.40637	5.82154
6.80727	-4.51052	4.94411
6.80727	-4.51052	4.94411
6.80727	-4.51052	4.94411
6.80727	-4.51052	4.94411
2.35888	-5.15042	4.23544
2.35888	-5.15042	4.23544
2.35888	-5.15042	4.23544
3.40745	-4.38166	3.18191
4.79212	-2.37618	1.47039
5.09178	-2.68849	-0.818343
7.86928	-1.66917	-3.81735
7.86928	-1.66917	-3.81735
8.26207	-0.897703	-5.19471
8.26207	-0.897703	-5.19471
8.5324	-1.60527	-3.86371
8.63262	-0.226603	-2.72845
8.23536	0.427391	-2.13981
4.98103	0.726564	-1.9223
4.6373	0.648994	-0.817582
4.6373	0.648994	-0.817582
4.6373	0.648994	-0.817582
4.34321	-1.19683	-2.19065
5.02398	-3.28901	-3.1679
4.55239	-4.16897	-2.56926
6.18756	-3.21561	-4.25733
9.27331	-0.573329	-5.6861
9.27331	-0.573329	-5.6861
8.69544	-0.818243	-5.49238
6.37522	1.42116	-2.35943
4.18649	2.36944	-1.1858
1.79588	2.37319	-1.32308
1.79588	2.37319	-1.32308
1.32582	-3.43168	-3.03392
1.32582	-3.43168	-3.03392
1.32582	-3.43168	-3.03392
1.32582	-3.43168	-3.03392
1.32582	-3.43168	-3.03392
1.32582	-3.43168	-3.03392
1.43196	-0.860223	-1.84675
1.43196	-0.860223	-1.84675
-1.63929	-0.282986	0.390296
-1.74986	1.41511	-0.89236
-1.74986	1.41511	-0.89236
-1.38649	1.13826	2.93323
-2.6637	1.8382	2.66949
-2.66809	2.22868	2.53629
-2.66809	2.22868	2.53629
-2.66809	2.22868	2.53629
-1.97896	-2.20303	2.13298
-3.57352	-2.07293	1.39582
-3.60819	-1.05145	4.5983
-3.60819	-1.05145	4.5983
-3.60819	-1.05145	4.5983
-3.60819	-1.05145	4.5983
-3.95902	-1.28555	4.22775
-3.95902	-1.28555	4.22775
-3.93049	-4.41172	6.90767
-1.92143	-2.67115	6.82218
-1.92143	-2.67115	6.82218
-3.48069	-1.28041	6.06937
-2.62682	-2.19373	4.71374
-2.62682	-2.19373	4.71374
-5.2679	1.69828	1.94276
-4.14318	2.12743	3.5109
-1.90216	0.38121	2.29612
-1.90216	0.38121	2.29612
-1.90216	0.38121	2.29612
-1.90216	0.38121	2.29612
-1.90216	0.38121	2.29612
-1.90216	0.38121	2.29612
-1.90216	0.38121	2.29612
-0.137591	-0.243144	3.65788
-0.137591	-0.243144	3.65788
-0.137591	-0.243144	3.65788
-0.137591	-0.243144	3.65788
-0.137591	-0.243144	3.65788
1.22991	0.453477	2.926
-0.679368	0.23494	2.20543
-0.679368	0.23494	2.20543
-0.6338	-0.849122	0.725328
-0.6338	-0.849122	0.725328
-0.6338	-0.849122	0.725328
1.74261	-2.16117	4.25698
1.01964	-2.97658	1.63157
1.01964	-2.97658	1.63157
1.01964	-2.97658	1.63157
1.01964	-2.97658	1.63157
1.01964	-2.97658	1.63157
1.01964	-2.97658	1.63157
0.954261	-0.923878	-2.10473
0.954261	-0.923878	-2.10473
0.954261	-0.923878	-2.10473
0.954261	-0.923878	-2.10473
0.954261	-0.923878	-2.10473
0.965524	-1.09578	-2.11986
0.965524	-1.09578	-2.11986
0.965524	-1.09578	-2.11986
0.965524	-1.09578	-2.11986
1.5726	-0.529074	-2.60238
1.5726	-0.529074	-2.60238
1.5726	-0.529074	-2.60238
1.5726	-0.529074	-2.60238
1.5726	-0.529074	-2.60238
1.15974	-0.598873	-2.68726
1.29119	-2.18387	-3.5724
1.29119	-2.18387	-3.5724
1.30166	-1.98938	-2.68832
1.03624	-0.975208	-3.16872
0.251835	0.0162006	-4.15014
-1.74369	0.637779	-2.83064
-1.74369	0.637779	-2.83064
-1.74369	0.637779	-2.83064
-1.74369	0.637779	-2.83064
-2.99718	3.90507	-5.81348
-1.7499	2.89312	-6.60436
-1.56694	0.973184	-4.80323
-1.08909	-0.284372	-5.06817
-2.98972	-1.54639	-4.66277
-2.79031	-4.11225	-5.47108
-1.67467	-2.66649	-4.86206
-0.616958	-2.73721	-4.95982
-3.17363	-2.39701	-5.77845
-5.0857	-1.13353	-7.07364
-5.658	0.887276	-6.43226
-5.658	0.887276	-6.43226
-6.78305	1.4307	-3.92396
-4.43435	-0.282721	-3.31609
-3.26093	1.33763	-2.76422
-3.5635	2.16679	-1.32594
-1.59518	3.08718	-1.67137
-5.38885	1.63647	-3.19736
-4.01789	3.04592	-6.1079
-1.29684	5.26257	-5.5851
-1.29684	5.26257	-5.5851
-1.75873	5.01913	-5.32131
-1.75873	5.01913	-5.32131
-1.75873	5.01913	-5.32131
-1.97549	4.89677	-3.63689
-3.872	2.78436	-4.83146
-3.872	2.78436	-4.83146
-1.90606	2.12788	-4.74658
-1.66672	2.84377	-2.36665
1.71255	0.935089	-4.26064
2.44422	1.27129	-4.21437
2.44422	1.27129	-4.21437
2.1836	3.31538	-3.10723
2.1836	3.31538	-3.10723
2.07936	3.84348	-1.98836
2.49288	0.814842	-2.71667
2.49288	0.814842	-2.71667
2.49288	0.814842	-2.71667
2.00438	1.33875	-0.561266
2.79768	1.06448	1.35533
2.79768	1.06448	1.35533
-0.388649	1.58695	2.71276
-0.388649	1.58695	2.71276
-0.388649	1.58695	2.71276
-0.388649	1.58695	2.71276
0.680438	0.515952	1.8103
0.680438	0.515952	1.8103
0.680438	0.515952	1.8103
0.680438	0.515952	1.8103
-2.15994	-0.224377	2.07902
-1.51705	0.158783	1.9878
-1.51705	0.158783	1.9878
-3.77022	0.410232	-0.991408
-2.33066	-0.911824	-4.14214
-2.26777	-1.45221	-0.743574
-3.00829	-3.64406	3.9647
-3.00829	-3.64406	3.9647
-1.89726	-4.99858	2.73447
-1.89726	-4.99858	2.73447
-1.89726	-4.99858	2.73447
-2.03878	-5.60049	4.12768
-0.714424	-4.26981	4.61845
-1.44113	-4.48408	4.64989
0.174362	-1.612	5.17581
0.174362	-1.612	5.17581
0.174362	-1.612	5.17581
-1.11393	0.865786	3.68322
1.73835	-1.2641	-1.4337
1.73835	-1.2641	-1.4337
1.73835	-1.2641	-1.4337
1.73835	-1.2641	-1.4337
1.73835	-1.2641	-1.4337
1.33888	-1.31048	-3.02655
1.42939	-4.50815	-2.18093
1.42939	-4.50815	-2.18093
0.565037	-3.63597	-1.0267
0.565037	-3.63597	-1.0267
0.565037	-3.63597	-1.0267
0.565037	-3.63597	-1.0267
0.565037	-3.63597	-1.0267
-2.56643	-0.902416	-2.5187
-2.56643	-0.902416	-2.5187
-2.56643	-0.902416	-2.5187
-2.56643	-0.902416	-2.5187
-1.99994	-0.859289	-3.94114
-0.79069	-0.0610515	-3.83026
1.89552	1.45284	-4.45817
-0.880869	-0.341615	-4.22294
-0.449749	0.89248	-3.53415
-0.449749	0.89248	-3.53415
-0.449749	0.89248	-3.53415
-2.0375	0.181166	-2.55014
-2.0375	0.181166	-2.55014
-2.0375	0.181166	-2.55014
-2.85971	-0.292291	-3.20457
-3.04465	-0.381201	-3.51777
-3.04465	-0.381201	-3.51777
-3.04465	-0.381201	-3.51777
-3.04465	-0.381201	-3.51777
-2.12846	2.249	-3.8903
-2.12846	2.249	-3.8903
-2.12846	2.249	-3.8903
-2.12846	2.249	-3.8903
-2.12846	2.249	-3.8903
-2.12846	2.249	-3.8903
-2.12846	2.249	-3.8903
1.66362	2.49451	-4.74275
1.66362	2.49451	-4.74275
0.0361872	2.66033	-3.10793
-0.29343	0.340631	-5.29836
0.321477	-0.466757	-3.42202
-0.639011	-0.9027	-4.17043
-0.943427	-4.5471	-4.12317
-1.48673	-1.58459	-4.69813
-1.48673	-1.58459	-4.69813
-1.48673	-1.58459	-4.69813
-1.48673	-1.58459	-4.69813
-1.48673	-1.58459	-4.69813
0.245078	-2.11302	-6.42205
0.245078	-2.11302	-6.42205
1.13683	-3.93969	-2.8786
1.13683	-3.93969	-2.8786
-2.19093	-2.24833	-0.935241
-0.24109	-1.71881	-0.463156
0.560255	-0.267666	-1.27172
0.560255	-0.267666	-1.27172
0.560255	-0.267666	-1.27172
0.0792657	0.950261	-1.97017
-0.186366	-1.55763	-2.03919
1.16705	-1.47465	-2.81378
-0.27635	1.3925	-4.40973
-0.27635	1.3925	-4.40973
-0.27635	1.3925	-4.40973
-0.27635	1.3925	-4.40973
-0.27635	1.3925	-4.40973
0.402382	2.67342	-5.5941
0.402382	2.67342	-5.5941
1.64658	1.79974	-3.83647
2.63973	4.50137	-5.11129
1.12837	4.89047	-3.16147
1.17243	3.50557	-2.75953
-4.15361	0.570137	-3.75404
-1.66708	1.87896	-1.7039
-1.66708	1.87896	-1.7039
-0.754156	-1.05271	1.10501
-1.84648	1.81672	3.76167
-1.84648	1.81672	3.76167
0.116545	2.99214	4.61344
-2.33474	0.779236	2.74761
-2.33474	0.779236	2.74761
-2.3066	-0.104551	1.99746
-2.3066	-0.104551	1.99746
0.343668	-2.17843	-1.03259
0.343668	-2.17843	-1.03259
0.343668	-2.17843	-1.03259
0.784636	-1.26226	-4.17325
0.784636	-1.26226	-4.17325
0.784636	-1.26226	-4.17325
-0.0800581	0.625379	-2.64073
-0.0800581	0.625379	-2.64073
-0.714605	0.209772	0.949392
-0.714605	0.209772	0.949392
0.330937	0.097641	4.09941
0.330937	0.097641	4.09941
0.330937	0.097641	4.09941
1.74976	0.357885	2.85487
1.74976	0.357885	2.85487
1.74976	0.357885	2.85487
1.74976	0.357885	2.85487
0.72923	2.07318	1.92119
-0.142256	0.0496267	1.07309
-1.12459	-0.749344	4.69172
-1.32585	0.697999	4.84248
-1.32585	0.697999	4.84248
-2.45924	-1.44887	4.59352
-2.45924	-1.44887	4.59352
-1.01214	-0.329207	5.673
-1.01214	-0.329207	5.673
1.27871	0.73154	4.63586
1.67791	1.59864	5.40134
-0.940927	0.979572	4.94844
-0.940927	0.979572	4.94844
-0.356393	0.827396	1.9253
-0.436711	3.7198	4.7164
-1.33725	5.43332	5.70797
-1.33725	5.43332	5.70797
-1.33725	5.43332	5.70797
-1.33725	5.43332	5.70797
-1.33725	5.43332	5.70797
-1.29844	4.96014	4.78928
-1.88199	3.50754	3.92186
-3.31706	2.11205	4.45792
-1.35035	2.97151	4.35798
-1.35035	2.97151	4.35798
-1.35035	2.97151	4.35798
-3.11515	-0.134234	4.32408
-1.9047	-0.0202379	6.76471
-1.9047	-0.0202379	6.76471
-1.9047	-0.0202379	6.76471
-3.80361	2.86922	6.95263
-3.80361	2.86922	6.95263
-3.80361	2.86922	6.95263
-0.0403462	6.00685	7.074
-0.0403462	6.00685	7.074
-0.00233701	7.36393	6.2212
1.73472	6.85681	6.69024
3.07815	6.92427	3.69169
3.07815	6.92427	3.69169
3.07815	6.92427	3.69169
1.88262	5.03483	1.04659
2.8563	4.15261	-2.26293
3.0972	4.16616	-6.28996
2.82375	4.82516	-4.91431
0.409167	4.41018	-5.1489
0.409167	4.41018	-5.1489
0.409167	4.41018	-5.1489
-2.97752	4.19635	-2.75568
-2.17685	4.10946	-1.84857
-2.17685	4.10946	-1.84857
-1.96821	0.953975	-3.30535
-1.23905	-0.91188	-2.82231
-1.23905	-0.91188	-2.82231
-0.146242	0.214105	-4.42579
-0.146242	0.214105	-4.42579
-0.146242	0.214105	-4.42579
-0.146242	0.214105	-4.42579
-0.146242	0.214105	-4.42579
-0.146242	0.214105	-4.42579
-0.146242	0.214105	-4.42579
-0.146242	0.214105	-4.42579
-0.146242	0.214105	-4.42579
-0.146242	0.214105	-4.42579
-0.106182	-0.150289	-4.78491
1.24369	0.449526	-4.32615
-1.42506	1.83847	-2.10166
-1.42506	1.83847	-2.10166
0.591469	3.26406	-3.84872
0.269846	1.05397	-3.16761
0.269846	1.05397	-3.16761
0.269846	1.05397	-3.16761
2.76374	0.860837	-3.37535
2.76374	0.860837	-3.37535
4.67209	2.16702	-4.27564
4.93609	3.83188	-1.92602
3.29202	2.90082	-2.13534
3.39755	4.92078	-4.54528
2.54719	4.17099	-3.01018
-2.15129	2.84972	-3.06331
-0.784408	0.290112	-5.09546
-2.82633	-0.898306	-6.93947
-2.82633	-0.898306	-6.93947
-4.42153	-2.21483	-6.19104
-6.21489	-2.55098	-5.77052
-7.43852	0.312901	-4.58278
-6.76775	0.151776	-4.04551
-6.76775	0.151776	-4.04551
-4.7829	1.33712	-5.13299
-4.91906	1.18654	-4.70836
-4.91906	1.18654	-4.70836
-4.98752	1.396	-4.44975
-4.98752	1.396	-4.44975
-3.94878	-0.451346	-4.93658
-2.39674	0.0459923	-6.87892
0.764145	3.80511	-7.43353
1.58665	5.12956	-7.69769
1.16228	3.40265	-8.14522
1.16228	3.40265	-8.14522
1.66214	2.14271	-6.97702
0.156792	3.23987	-5.50311
0.156792	3.23987	-5.50311
0.156792	3.23987	-5.50311
-0.135674	2.25864	-2.51354
-0.135674	2.25864	-2.51354
-0.135674	2.25864	-2.51354
0.233413	1.33573	-3.73379
-0.204631	2.92662	-4.45361
-0.204631	2.92662	-4.45361
-0.204631	2.92662	-4.45361
-0.204631	2.92662	-4.45361
2.27497	1.9233	-3.01436
1.52638	1.15217	-2.46574
-1.51139	0.305988	-2.48602
-1.51139	0.305988	-2.48602
-1.51139	0.305988	-2.48602
0.651324	-0.511328	-3.59092
-1.38656	0.657572	-4.23442
0.0922957	0.170008	-3.41714
-0.0744387	-1.01661	-3.78706
-0.0744387	-1.01661	-3.78706
-0.0744387	-1.01661	-3.78706
-0.457181	-3.27425	-4.18325
0.117351	-2.67024	-4.55845
-0.746131	0.241508	-5.98866
-0.746131	0.241508	-5.98866
-0.220216	0.0294579	-7.30214
-1.0426	-1.98904	-7.94644
-2.15414	-2.58367	-8.85857
-2.48146	-2.65074	-10.9951
-0.877431	-1.9707	-11.0798
3.08464	-0.57425	-8.05445
0.95111	-1.82744	-7.96942
0.95111	-1.82744	-7.96942
2.5711	0.330173	-7.33894
2.5711	0.330173	-7.33894
3.5918	-1.90855	-7.35402
3.22001	-4.93701	-9.01139
2.575	-5.07868	-7.93268
3.53502	-4.77087	-5.08704
3.82643	-1.52353	-6.33034
3.82643	-1.52353	-6.33034
1.19854	-1.27525	-5.62721
1.15843	-0.432908	-6.56098
2.82127	-1.05096	-5.11357
1.8969	-1.97512	-5.862
-0.0190048	0.721221	-5.48163
-0.869936	2.48321	-5.73147
-0.869936	2.48321	-5.73147
1.02339	2.06953	-6.55244
1.02339	2.06953	-6.55244
1.02339	2.06953	-6.55244
0.478748	1.47742	-6.28049
0.478748	1.47742	-6.28049
-0.261298	3.17428	-8.68524
-0.261298	3.17428	-8.68524
-0.261298	3.17428	-8.68524
-0.0232748	3.46848	-5.84272
-0.0232748	3.46848	-5.84272
-0.0232748	3.46848	-5.84272
-0.0232748	3.46848	-5.84272
-0.0232748	3.46848	-5.84272
-2.57892	1.41602	-4.84675
-2.57892	1.41602	-4.84675
-2.57892	1.41602	-4.84675
-3.98673	2.51752	-3.66687
-2.2068	1.72783	-5.6177
-2.2068	1.72783	-5.6177
-3.07206	0.633676	-3.15985
-2.52483	-1.22858	-2.23886
1.15392	0.102611	-4.93114
0.177691	-1.36887	-2.83001
0.177691	-1.36887	-2.83001
0.177691	-1.36887	-2.83001
0.177691	-1.36887	-2.83001
0.177691	-1.36887	-2.83001
0.177691	-1.36887	-2.83001
3.43214	-0.810128	-5.05317
3.81236	-2.04034	-5.23395
1.7968	1.18196	-4.96005
1.7968	1.18196	-4.96005
2.76845	0.319752	-1.94983
2.76845	0.319752	-1.94983
2.76845	0.319752	-1.94983
2.76845	0.319752	-1.94983
2.76845	0.319752	-1.94983
1.73094	1.82417	-2.93168
1.73094	1.82417	-2.93168
-0.303859	-0.37348	-3.96909
0.37794	0.369214	-4.52419
1.49763	-0.962257	-4.33048
1.49763	-0.962257	-4.33048
3.30444	0.13695	-4.14514
3.30444	0.13695	-4.14514
3.0022	-3.68034	-1.97997
2.42888	-3.72642	-1.02842
2.42888	-3.72642	-1.02842
2.42888	-3.72642	-1.02842
2.42888	-3.72642	-1.02842
-0.793816	-3.24588	-5.70762
-0.793816	-3.24588	-5.70762
-0.793816	-3.24588	-5.70762
0.697132	-3.31001	-5.78854
-0.357841	-4.52272	-4.83455
-0.357841	-4.52272	-4.83455
-0.357841	-4.52272	-4.83455
-0.357841	-4.52272	-4.83455
-2.39332	-3.26784	-5.79874
-2.39332	-3.26784	-5.79874
-2.39332	-3.26784	-5.79874
-2.17077	-3.57195	-7.81121
-2.43715	-2.84556	-8.68967
-1.32697	-4.2332	-7.71736
1.40461	-5.65391	-6.81187
-1.8015	-4.95763	-5.7201
-1.8015	-4.95763	-5.7201
-2.8611	-4.92466	-3.97879
-2.8611	-4.92466	-3.97879
-6.86624	-4.08607	-3.3623
-6.86624	-4.08607	-3.3623
-5.8882	-3.12129	-2.45992
-9.36281	-4.24867	-6.5774
-9.36281	-4.24867	-6.5774
-10.4448	-3.22666	-8.99298
-8.19174	-0.666546	-7.35184
-6.75915	0.578965	-6.64691
-6.30214	0.174727	-6.52209
-6.30214	0.174727	-6.52209
-6.30214	0.174727	-6.52209
-6.30214	0.174727	-6.52209
-6.31352	-2.93008	-6.05692
-6.31352	-2.93008	-6.05692
-6.31352	-2.93008	-6.05692
-4.54328	-4.93079	-1.8171
-3.14073	-3.78879	-3.38833
-5.20383	-2.84538	-4.27542
-5.20383	-2.84538	-4.27542
-0.817007	-3.73262	-3.34452
-0.817007	-3.73262	-3.34452
-2.26831	-2.65274	-0.965551
2.16041	-4.16677	-2.29479
4.31332	-1.59021	-2.13428
4.01956	-3.32731	-3.1337
4.01956	-3.32731	-3.1337
4.01956	-3.32731	-3.1337
4.01956	-3.32731	-3.1337
5.238	-2.31426	-4.81964
5.238	-2.31426	-4.81964
5.238	-2.31426	-4.81964
7.36333	-2.59919	-3.21854
6.51815	-1.65136	-3.32267
7.12683	-1.12986	-4.19209
6.93744	0.492198	-6.42978
6.8695	0.370623	-6.02962
5.10433	1.3203	-4.54522
4.60763	0.171537	-4.67591
5.44765	-0.444975	-4.57856
5.44765	-0.444975	-4.57856
4.35788	-3.66893	-3.73497
4.35788	-3.66893	-3.73497
4.35788	-3.66893	-3.73497
4.35788	-3.66893	-3.73497
4.35788	-3.66893	-3.73497
4.35788	-3.66893	-3.73497
4.35788	-3.66893	-3.73497
4.35788	-3.66893	-3.73497
4.35788	-3.66893	-3.73497
4.35788	-3.66893	-3.73497
4.12752	-0.306011	-5.30923
4.12752	-0.306011	-5.30923
4.16356	1.94621	-4.02353
4.15111	1.14096	-2.40131
3.95642	1.10554	-1.81284
2.38275	-0.772042	-3.17164
3.03014	0.0768416	-2.91169
3.03014	0.0768416	-2.91169
2.21227	0.382266	-2.51348
2.21227	0.382266	-2.51348
2.21227	0.382266	-2.51348
2.42855	-0.141602	-2.06273
2.42855	-0.141602	-2.06273
1.75231	-0.487779	-2.10753
0.0780109	0.042701	-2.48422
0.0780109	0.042701	-2.48422
0.0780109	0.042701	-2.48422
0.0780109	0.042701	-2.48422
0.0780109	0.042701	-2.48422
2.28286	-0.865159	-4.01239
2.28286	-0.865159	-4.01239
4.42106	-0.950466	-4.57184
0.385822	-0.67709	-4.9213
0.486421	-1.45408	-2.98122
0.402379	-2.62293	-3.14353
0.402379	-2.62293	-3.14353
0.856781	-1.01336	1.44497
-0.557944	1.67025	0.948445
-0.557944	1.67025	0.948445
-2.95186	3.37483	1.57553
-2.95186	3.37483	1.57553
-2.95186	3.37483	1.57553
-0.0771724	1.00143	-0.770551
-0.0771724	1.00143	-0.770551
-0.0771724	1.00143	-0.770551
-0.0771724	1.00143	-0.770551
-0.772695	0.183299	1.66275
-0.772695	0.183299	1.66275
-0.772695	0.183299	1.66275
0.625305	1.1685	2.09174
0.625305	1.1685	2.09174
0.625305	1.1685	2.09174
0.625305	1.1685	2.09174
0.625305	1.1685	2.09174
0.625305	1.1685	2.09174
0.625305	1.1685	2.09174
0.625305	1.1685	2.09174
0.625305	1.1685	2.09174
0.235929	1.99369	1.36392
0.235929	1.99369	1.36392
-0.457524	1.87028	4.01575
-1.03772	0.66943	4.77791
-1.03772	0.66943	4.77791
1.96847	1.85435	3.5892
1.96847	1.85435	3.5892
1.96847	1.85435	3.5892
1.74722	2.17704	2.98461
1.74722	2.17704	2.98461
1.74722	2.17704	2.98461
2.86158	-0.529945	3.14446
2.86158	-0.529945	3.14446
2.35996	0.277798	3.27684
2.35996	0.277798	3.27684
2.35996	0.277798	3.27684
0.908469	0.296075	3.8027
0.466818	-0.135912	4.34691
0.393695	0.429822	2.55696
0.393695	0.429822	2.55696
0.393695	0.429822	2.55696
0.393695	0.429822	2.55696
0.393695	0.429822	2.55696
0.393695	0.429822	2.55696
0.0819446	2.11161	2.28164
0.0819446	2.11161	2.28164
0.0819446	2.11161	2.28164
0.0819446	2.11161	2.28164
0.0819446	2.11161	2.28164
0.0819446	2.11161	2.28164
1.18708	-0.479108	1.68472
1.18708	-0.479108	1.68472
-0.0919779	0.577352	2.99829
-0.0919779	0.577352	2.99829
-0.0919779	0.577352	2.99829
-0.0919779	0.577352	2.99829
-0.11564	-0.250693	2.52283
1.54791	1.31129	3.31544
2.78668	0.765016	4.04947
2.78668	0.765016	4.04947
2.78668	0.765016	4.04947
2.61787	-2.12722	4.09972
-1.05506	-1.44138	6.34563
-1.05506	-1.44138	6.34563
-2.11867	-0.555863	6.61791
-2.19207	-2.48113	6.31027
-2.19207	-2.48113	6.31027
-2.19207	-2.48113	6.31027
-5.58188	-2.7485	3.77375
-4.07404	-3.05108	3.40628
-3.94522	-2.13345	3.5726
-1.93146	-1.65489	2.23211
0.542984	-0.142062	3.75169
1.24887	0.239371	3.6706
2.81156	-1.03334	5.2697
3.7534	-0.984487	4.73818
1.28672	1.31662	6.91973
1.28672	1.31662	6.91973
1.2968	4.62229	6.26896
3.91269	4.82493	5.4971
3.91269	4.82493	5.4971
3.91269	4.82493	5.4971
3.91269	4.82493	5.4971
5.59088	0.583165	6.84563
5.39972	-0.264333	6.80525
5.39972	-0.264333	6.80525
2.92729	3.83958	8.82372
2.92729	3.83958	8.82372
2.92729	3.83958	8.82372
2.92729	3.83958	8.82372
2.92729	3.83958	8.82372
1.82241	3.17567	10.0265
5.00122	2.79583	13.2759
5.00122	2.79583	13.2759
5.00122	2.79583	13.2759
3.89736	2.18954	11.9038
0.384599	1.26844	11.7324
0.384599	1.26844	11.7324
-2.20962	2.04472	11.2991
-1.13954	2.30522	9.71098
-1.13954	2.30522	9.71098
-2.43819	1.50624	7.52456
-1.32212	2.25178	6.54379
1.21505	1.40035	5.09236
1.21505	1.40035	5.09236
1.21505	1.40035	5.09236
1.21505	1.40035	5.09236
1.21505	1.40035	5.09236
-0.535887	1.05055	5.55368
-0.535887	1.05055	5.55368
1.84013	1.31468	3.84571
1.84013	1.31468	3.84571
1.84013	1.31468	3.84571
0.0944078	5.69479	4.69296
-1.11183	5.5003	6.38681
3.04401	3.72486	5.84224
3.04401	3.72486	5.84224
-0.191722	2.38454	6.57187
-0.191722	2.38454	6.57187
-0.653627	0.954261	7.73191
-0.840534	-0.747077	7.90942
