x	y	z
27.7566	27.2635	28.3511
28.3121	26.2346	27.0625
25.8416	28.4369	27.1793
25.8416	28.4369	27.1793
26.314	27.2465	25.9166
26.314	27.2465	25.9166
26.8213	26.4304	24.9242
27.7922	26.1883	23.6233
29.8369	28.0274	22.8869
28.4559	27.7732	21.2489
26.737	27.8764	23.0354
26.737	27.8764	23.0354
26.2609	27.9228	20.7396
25.926	26.8458	21.6921
25.926	26.8458	21.6921
25.926	26.8458	21.6921
25.926	26.8458	21.6921
25.926	26.8458	21.6921
25.926	26.8458	21.6921
27.2447	24.4725	21.3847
27.2447	24.4725	21.3847
24.2767	22.474	22.2268
26.6665	21.1828	19.7793
26.6665	21.1828	19.7793
26.6665	21.1828	19.7793
28.2855	19.0564	20.8819
28.2855	19.0564	20.8819
29.5943	17.0464	20.9215
29.3186	17.9021	20.8641
30.9261	17.7307	19.2068
30.7216	15.7995	19.7714
29.0792	18.3258	16.9126
26.4745	18.6026	17.307
24.2357	19.6812	15.2491
24.2712	20.3254	17.9722
24.2712	20.3254	17.9722
24.9534	19.1844	15.4098
24.9534	19.1844	15.4098
23.8128	17.137	16.2051
22.8825	16.4215	13.7965
24.1405	13.8173	14.0576
25.4764	14.7719	11.1534
23.6336	15.4654	9.25224
20.6647	17.6743	9.3271
20.6647	17.6743	9.3271
20.6647	17.6743	9.3271
20.6647	17.6743	9.3271
20.6647	17.6743	9.3271
22.4716	15.4908	10.7722
22.2382	14.9482	11.5647
21.1173	12.0608	9.13795
21.275	10.9991	11.9774
19.4397	11.1912	12.3435
19.4397	11.1912	12.3435
16.8115	11.7487	12.977
16.8115	11.7487	12.977
17.9326	9.15275	12.1336
18.8323	10.168	9.65385
18.8323	10.168	9.65385
17.7471	7.51794	10.5795
17.2245	6.02221	8.38997
15.4735	5.95771	10.8186
13.7178	4.18624	8.9017
12.4976	4.3883	10.893
14.585	6.05489	10.4929
14.585	6.05489	10.4929
14.9697	3.26262	8.95834
14.9697	3.26262	8.95834
13.5831	1.27828	6.10098
13.2368	-0.102302	3.37839
12.0357	0.0779213	0.858994
13.6068	-1.86538	3.34588
13.4194	-0.552442	3.94741
11.7576	-3.53626	2.77928
11.7576	-3.53626	2.77928
11.7576	-3.53626	2.77928
8.84765	-1.70704	4.15266
8.84765	-1.70704	4.15266
7.61146	-3.83628	6.54062
9.9912	-1.41831	5.08309
9.9912	-1.41831	5.08309
9.9912	-1.41831	5.08309
8.64058	-3.42749	6.76052
8.34049	-3.87104	7.46897
8.13207	-1.55817	4.52848
8.13207	-1.55817	4.52848
6.3691	-3.359	5.50957
6.3691	-3.359	5.50957
6.3691	-3.359	5.50957
6.3691	-3.359	5.50957
5.64149	-3.17994	3.05671
5.64149	-3.17994	3.05671
5.64149	-3.17994	3.05671
5.84462	-2.33824	3.37886
5.84462	-2.33824	3.37886
5.84462	-2.33824	3.37886
7.84691	-0.172386	3.05315
7.84691	-0.172386	3.05315
7.60471	2.07153	5.71297
7.60471	2.07153	5.71297
5.06982	0.751786	4.98611
5.06982	0.751786	4.98611
5.06982	0.751786	4.98611
5.06982	0.751786	4.98611
5.06982	0.751786	4.98611
5.06982	0.751786	4.98611
4.99443	0.617053	4.78627
2.24733	-2.1052	7.48662
0.177386	0.13606	9.27441
0.177386	0.13606	9.27441
-1.24872	1.70708	6.27987
-3.20909	2.26651	4.05571
-3.20909	2.26651	4.05571
-3.20909	2.26651	4.05571
-0.868567	1.69321	4.55715
-2.17817	1.9124	2.47956
-2.17817	1.9124	2.47956
0.690904	3.29669	2.69262
-0.801816	2.08619	2.6557
-0.801816	2.08619	2.6557
-1.94143	-0.368579	4.3336
-1.94143	-0.368579	4.3336
-1.17233	-1.72158	5.38589
-1.17233	-1.72158	5.38589
-1.1903	-1.97557	5.89345
-3.82967	0.27188	4.58035
-4.57005	-0.536928	5.3285
-4.57005	-0.536928	5.3285
-4.57005	-0.536928	5.3285
-3.05362	0.788668	3.95908
-3.05362	0.788668	3.95908
-3.05362	0.788668	3.95908
-3.05362	0.788668	3.95908
-3.05362	0.788668	3.95908
-5.1209	-1.12239	5.28033
-3.72999	0.631968	5.15684
-3.72999	0.631968	5.15684
-1.13425	-1.93645	4.44635
-1.13425	-1.93645	4.44635
-1.13425	-1.93645	4.44635
-2.60745	0.685189	3.72397
-2.60745	0.685189	3.72397
-2.60745	0.685189	3.72397
-2.92632	3.31534	1.88677
-2.70298	0.506178	-1.04027
-2.70298	0.506178	-1.04027
-2.70298	0.506178	-1.04027
-2.70298	0.506178	-1.04027
-4.19404	-1.14622	-3.43233
-3.61818	-2.03227	-2.57139
-3.61818	-2.03227	-2.57139
-3.61818	-2.03227	-2.57139
-1.93115	0.772237	-4.68781
-1.93115	0.772237	-4.68781
-1.93115	0.772237	-4.68781
-1.93115	0.772237	-4.68781
-1.93115	0.772237	-4.68781
0.341608	-0.911241	-4.64778
-0.968287	-1.93576	-2.73512
1.44961	0.882077	-3.69146
1.44961	0.882077	-3.69146
4.07297	1.26112	-1.48725
4.07297	1.26112	-1.48725
4.07297	1.26112	-1.48725
4.07297	1.26112	-1.48725
2.57758	0.456023	-2.64412
2.57758	0.456023	-2.64412
2.57758	0.456023	-2.64412
2.57758	0.456023	-2.64412
2.57758	0.456023	-2.64412
2.57758	0.456023	-2.64412
0.564116	-0.0153993	-4.45407
0.564116	-0.0153993	-4.45407
-0.273879	-0.927585	-2.3736
-0.273879	-0.927585	-2.3736
-0.273879	-0.927585	-2.3736
0.654504	1.14347	-2.28872
-2.31325	-0.0386582	-3.16544
-1.89989	-2.07885	-1.56517
0.592343	-2.60625	-4.53643
0.592343	-2.60625	-4.53643
1.61996	-1.265	-2.5334
2.18949	-2.3479	-3.51419
2.18949	-2.3479	-3.51419
3.33911	0.346101	-3.41519
2.28694	-0.880481	-3.23136
0.154856	-3.81877	-3.66248
2.29684	-0.915792	-6.32032
0.0693254	0.0220279	-4.23885
-1.90454	-1.67666	-2.61131
-1.90454	-1.67666	-2.61131
-1.90454	-1.67666	-2.61131
-1.90454	-1.67666	-2.61131
-1.90454	-1.67666	-2.61131
-1.90454	-1.67666	-2.61131
-3.18314	-1.20997	-3.8371
-1.81015	-2.44436	-2.76623
-1.81015	-2.44436	-2.76623
-1.81015	-2.44436	-2.76623
0.80297	-0.922046	-5.19935
0.80297	-0.922046	-5.19935
0.623817	-0.981943	-3.18832
0.623817	-0.981943	-3.18832
1.70209	0.558004	-1.62461
4.14757	-0.688719	-1.5534
2.83669	-2.80251	1.25975
4.01672	-0.205246	2.09734
1.39301	0.872461	4.61871
1.39301	0.872461	4.61871
1.39301	0.872461	4.61871
1.39301	0.872461	4.61871
0.308394	3.12856	3.56238
0.0279206	2.73465	3.76021
-1.09157	0.279844	3.89129
-0.841701	0.398858	2.06317
2.09076	-1.84459	2.14534
3.32011	-0.896661	2.6272
3.32011	-0.896661	2.6272
3.0125	-0.639859	2.34807
3.0125	-0.639859	2.34807
3.0125	-0.639859	2.34807
3.13027	-1.47201	2.64722
3.13027	-1.47201	2.64722
0.918012	0.0499215	3.724
0.918012	0.0499215	3.724
0.18939	0.649448	6.10099
0.18939	0.649448	6.10099
-1.07742	3.45653	4.3592
-0.269333	2.68287	5.12291
-0.269333	2.68287	5.12291
-0.269333	2.68287	5.12291
-0.269333	2.68287	5.12291
-0.269333	2.68287	5.12291
-0.269333	2.68287	5.12291
-0.269333	2.68287	5.12291
-0.269333	2.68287	5.12291
1.24565	-0.141357	6.40459
1.24565	-0.141357	6.40459
-1.69484	1.28609	7.63569
-1.69484	1.28609	7.63569
-3.29255	0.97226	6.04802
-3.29255	0.97226	6.04802
-2.99323	-1.91384	3.59286
-3.23287	-1.194	1.59156
-2.04449	-0.506389	1.83681
-2.04449	-0.506389	1.83681
-2.04449	-0.506389	1.83681
-2.04449	-0.506389	1.83681
-0.300937	-3.37114	3.77492
0.919178	-4.91523	2.9292
-1.10169	-2.43302	0.496579
0.333105	-1.66898	-1.21063
0.333105	-1.66898	-1.21063
-1.33678	-1.44821	-3.82727
-1.41185	-2.52964	-4.57508
0.291895	-2.31879	-2.47021
-0.502481	-2.99409	-2.94764
-0.502481	-2.99409	-2.94764
-0.397885	-0.101011	-5.45158
2.23218	-2.72793	-4.91859
3.48066	0.257232	-2.03676
3.48066	0.257232	-2.03676
3.48066	0.257232	-2.03676
3.48066	0.257232	-2.03676
0.878805	0.0834922	-2.14775
0.878805	0.0834922	-2.14775
0.878805	0.0834922	-2.14775
0.878805	0.0834922	-2.14775
2.4652	0.242629	-3.0167
2.4652	0.242629	-3.0167
2.38626	0.953457	-4.48127
2.38626	0.953457	-4.48127
2.38626	0.953457	-4.48127
0.0193862	0.872009	-6.56654
1.62481	-0.111261	-6.01215
-1.23099	1.95726	-5.16875
0.667483	-0.662451	-3.90356
0.667483	-0.662451	-3.90356
0.689799	-1.2969	-2.84136
0.689799	-1.2969	-2.84136
0.910591	-0.0123197	-3.84433
0.910591	-0.0123197	-3.84433
0.910591	-0.0123197	-3.84433
0.910591	-0.0123197	-3.84433
1.12934	-1.11782	-2.55302
1.73533	-1.38948	-4.9906
2.47509	-2.21857	-2.2523
0.14005	-1.20235	-2.31158
0.14005	-1.20235	-2.31158
0.14005	-1.20235	-2.31158
0.444637	-1.63953	-3.8044
0.444637	-1.63953	-3.8044
-1.30134	1.09284	-0.87498
-1.30134	1.09284	-0.87498
-1.30134	1.09284	-0.87498
0.0929085	0.860054	-3.56206
0.0929085	0.860054	-3.56206
0.0929085	0.860054	-3.56206
0.0929085	0.860054	-3.56206
0.0929085	0.860054	-3.56206
3.08406	2.64989	-1.43898
3.08406	2.64989	-1.43898
1.17261	4.70691	-4.16446
1.17261	4.70691	-4.16446
-0.0620365	5.88451	-3.6264
-0.0620365	5.88451	-3.6264
2.89186	4.65588	-5.26844
2.89186	4.65588	-5.26844
2.89186	4.65588	-5.26844
2.299	5.94865	-3.76962
2.299	5.94865	-3.76962
2.299	5.94865	-3.76962
2.07477	6.45797	-3.08345
2.07477	6.45797	-3.08345
3.07103	5.59018	-4.87565
2.69611	7.0168	-4.39263
2.69611	7.0168	-4.39263
1.6197	4.56426	-2.64528
1.6197	4.56426	-2.64528
1.6197	4.56426	-2.64528
3.05937	4.45981	-5.14426
3.77785	2.85034	-3.54011
2.89065	-0.148222	-3.74879
2.89065	-0.148222	-3.74879
2.89065	-0.148222	-3.74879
2.49146	0.0155035	-4.27691
2.49146	0.0155035	-4.27691
2.19466	0.685085	-1.45573
1.12996	1.87556	-1.75816
1.12996	1.87556	-1.75816
1.12996	1.87556	-1.75816
1.12996	1.87556	-1.75816
1.12996	1.87556	-1.75816
1.12996	1.87556	-1.75816
1.12996	1.87556	-1.75816
0.862139	-0.648573	-2.94105
2.88434	-1.63862	-4.46993
0.827076	-4.34098	-3.94721
0.827076	-4.34098	-3.94721
0.827076	-4.34098	-3.94721
0.827076	-4.34098	-3.94721
2.71106	-3.12497	-3.13364
2.71106	-3.12497	-3.13364
2.71106	-3.12497	-3.13364
2.71106	-3.12497	-3.13364
2.71106	-3.12497	-3.13364
0.287044	-2.32963	-1.5675
0.287044	-2.32963	-1.5675
0.287044	-2.32963	-1.5675
0.287044	-2.32963	-1.5675
-0.607549	-0.255404	-1.69166
-0.607549	-0.255404	-1.69166
-3.01819	-0.433121	-1.9146
-4.28999	0.799723	-4.37686
-3.7031	2.09965	-5.03849
-3.7031	2.09965	-5.03849
-3.7031	2.09965	-5.03849
-3.7031	2.09965	-5.03849
-3.7031	2.09965	-5.03849
-3.7031	2.09965	-5.03849
-4.64081	-0.326709	-3.80209
-4.1932	-1.89972	-2.01088
-4.1932	-1.89972	-2.01088
-4.1932	-1.89972	-2.01088
-4.1932	-1.89972	-2.01088
-2.31068	-2.92298	-1.23818
-2.31068	-2.92298	-1.23818
-2.31068	-2.92298	-1.23818
-1.23422	-2.14502	-3.34034
1.14665	-1.15027	-2.91329
1.14665	-1.15027	-2.91329
2.58822	1.5954	-3.59704
2.58822	1.5954	-3.59704
1.88063	-0.657981	-3.62379
2.75087	-1.24677	-0.948102
2.20916	-1.90287	-2.97333
1.96795	-0.0908586	-3.16658
1.96795	-0.0908586	-3.16658
1.96795	-0.0908586	-3.16658
1.96795	-0.0908586	-3.16658
1.96795	-0.0908586	-3.16658
-1.00808	-0.84986	-2.99392
-1.00808	-0.84986	-2.99392
-1.00808	-0.84986	-2.99392
1.70323	1.19855	-1.19136
1.70323	1.19855	-1.19136
1.28489	0.277886	1.71862
-1.1937	0.347605	1.63329
-1.1937	0.347605	1.63329
0.0212008	0.549829	-0.857432
0.0212008	0.549829	-0.857432
-0.334971	0.656374	-0.898787
-1.2869	-1.0558	-1.12725
-1.2869	-1.0558	-1.12725
0.380369	-0.142753	1.54656
-0.713964	-0.934661	2.49041
-0.713964	-0.934661	2.49041
0.662159	-0.421058	3.18888
1.33123	-0.136616	3.27644
1.33123	-0.136616	3.27644
1.77904	0.976484	3.56673
1.77904	0.976484	3.56673
1.77904	0.976484	3.56673
1.77904	0.976484	3.56673
1.77904	0.976484	3.56673
0.0925373	3.80932	1.72141
1.48812	4.76231	3.20677
0.795367	1.79475	4.86656
0.795367	1.79475	4.86656
0.795367	1.79475	4.86656
-0.0531995	0.304809	4.7215
-1.74455	0.398268	2.13181
-0.27231	-1.94444	2.21519
-0.27231	-1.94444	2.21519
-0.27231	-1.94444	2.21519
-0.27231	-1.94444	2.21519
-0.27231	-1.94444	2.21519
-0.27231	-1.94444	2.21519
1.35172	0.171298	1.12971
1.35172	0.171298	1.12971
1.35172	0.171298	1.12971
-0.543634	-0.827401	-1.13345
-0.543634	-0.827401	-1.13345
-0.543634	-0.827401	-1.13345
-0.543634	-0.827401	-1.13345
-0.543634	-0.827401	-1.13345
-0.543634	-0.827401	-1.13345
1.20763	-1.7641	1.40154
1.20763	-1.7641	1.40154
2.26698	-0.61914	2.6545
2.26698	-0.61914	2.6545
2.26698	-0.61914	2.6545
2.26698	-0.61914	2.6545
2.26698	-0.61914	2.6545
2.26698	-0.61914	2.6545
2.26698	-0.61914	2.6545
2.26698	-0.61914	2.6545
2.26698	-0.61914	2.6545
2.26698	-0.61914	2.6545
2.26698	-0.61914	2.6545
1.851	0.775477	3.39062
1.851	0.775477	3.39062
-0.557291	3.69335	1.68331
-2.37682	1.84296	1.21052
-2.37682	1.84296	1.21052
-3.96179	-0.478074	2.98312
-3.96179	-0.478074	2.98312
-1.1848	-1.78472	1.41796
1.61827	-1.07448	4.24672
-0.979534	0.23197	3.32991
-0.191532	2.19721	2.612
-0.191532	2.19721	2.612
-2.58497	0.488384	1.71795
-2.58497	0.488384	1.71795
-2.58497	0.488384	1.71795
-2.58497	0.488384	1.71795
-2.23736	0.421813	4.63327
0.31496	-0.83101	5.54778
0.31496	-0.83101	5.54778
0.31496	-0.83101	5.54778
0.31496	-0.83101	5.54778
-2.16218	-0.220117	7.2525
-2.16218	-0.220117	7.2525
-2.73238	-0.584091	4.76148
-0.549618	-3.30598	5.89486
-0.549618	-3.30598	5.89486
-2.07799	-0.382699	7.12987
-0.376396	1.38096	7.87207
-0.945726	-0.320377	6.90399
0.680283	0.431652	6.61912
0.680283	0.431652	6.61912
0.670369	1.12337	9.19935
0.670369	1.12337	9.19935
-0.0952422	-1.03861	8.40911
2.0071	-1.6105	5.55327
2.0071	-1.6105	5.55327
0.288514	-1.56263	2.87743
0.288514	-1.56263	2.87743
0.288514	-1.56263	2.87743
0.288514	-1.56263	2.87743
-1.21075	-1.53359	1.23796
0.515938	1.11763	3.11762
0.515938	1.11763	3.11762
-1.76242	0.602147	3.96273
-1.76242	0.602147	3.96273
-1.76242	0.602147	3.96273
-0.087953	3.15042	4.62549
-0.087953	3.15042	4.62549
-2.61656	2.49544	6.15621
-0.800464	0.250526	7.70008
-1.54123	-0.836857	5.06276
-1.54123	-0.836857	5.06276
-1.79617	-1.68256	3.78662
0.909022	-2.00497	4.15018
0.909022	-2.00497	4.15018
0.447952	-2.75881	3.67954
0.447952	-2.75881	3.67954
2.54668	-3.56849	5.66156
-0.0604146	-3.77336	6.11283
1.07985	-1.44724	6.41292
3.02501	-1.95039	4.42677
1.63779	-2.307	1.92463
2.67539	-1.95282	4.78249
2.67539	-1.95282	4.78249
2.67539	-1.95282	4.78249
0.762499	-3.3861	6.7198
-2.01095	-2.98278	7.01525
-2.01095	-2.98278	7.01525
0.419311	-1.09087	5.40475
-0.133665	-2.43395	2.7254
-1.31853	-4.41557	4.36007
-1.64375	-4.31974	4.40009
0.732637	-3.65628	6.85394
0.732637	-3.65628	6.85394
-0.504869	-4.67821	4.53924
-2.68352	-4.89896	5.12582
-2.68352	-4.89896	5.12582
-2.00658	-2.92217	7.7129
-3.48082	-1.8912	6.11873
-3.42218	1.03233	5.57045
-1.5982	0.330251	6.47643
-2.97278	3.15259	5.42963
-1.99479	1.71219	5.47846
-1.99479	1.71219	5.47846
-1.99479	1.71219	5.47846
-1.99479	1.71219	5.47846
-1.99479	1.71219	5.47846
0.212617	1.90941	5.59803
0.212617	1.90941	5.59803
0.212617	1.90941	5.59803
-1.21818	-0.956056	4.47856
1.51681	-1.38589	2.7145
0.329572	-2.22133	1.53678
0.329572	-2.22133	1.53678
0.143556	-1.00471	1.17825
0.143556	-1.00471	1.17825
0.143556	-1.00471	1.17825
-2.56297	-0.182651	3.77784
-2.56297	-0.182651	3.77784
-2.56297	-0.182651	3.77784
-2.56297	-0.182651	3.77784
-2.56297	-0.182651	3.77784
-2.56297	-0.182651	3.77784
-2.44533	2.70139	6.5325
-1.95154	0.796347	6.51188
-3.96324	2.65427	4.32886
-4.63157	0.43303	5.39365
-4.63157	0.43303	5.39365
-4.63157	0.43303	5.39365
-4.63157	0.43303	5.39365
-3.38047	0.20763	3.25453
-3.38047	0.20763	3.25453
-0.698385	0.920385	0.700963
0.0358588	1.80655	2.9328
2.44072	3.58998	1.99762
4.93082	0.841217	4.5421
4.93082	0.841217	4.5421
4.93082	0.841217	4.5421
3.06871	3.08388	3.4549
3.06871	3.08388	3.4549
3.06871	3.08388	3.4549
1.6181	4.914	2.23325
1.6181	4.914	2.23325
2.01611	5.02927	3.40549
2.01611	5.02927	3.40549
0.126728	6.08267	1.68308
2.79515	3.5836	1.7194
2.79515	3.5836	1.7194
2.79515	3.5836	1.7194
2.79515	3.5836	1.7194
2.79515	3.5836	1.7194
2.79515	3.5836	1.7194
1.98654	5.89074	4.23278
1.0231	3.27911	5.48317
2.06058	1.11163	6.61375
2.06058	1.11163	6.61375
2.06058	1.11163	6.61375
0.730368	-0.593471	8.33339
-0.979882	1.32376	7.57835
0.728626	-0.875843	8.10581
2.0523	-1.34096	6.31027
2.0523	-1.34096	6.31027
1.24054	-1.50974	8.84132
-0.505439	-3.89071	6.43313
-0.505439	-3.89071	6.43313
-0.505439	-3.89071	6.43313
-0.648325	-1.52524	8.69045
-0.648325	-1.52524	8.69045
-2.09016	-1.11499	7.89267
-2.09016	-1.11499	7.89267
-3.41666	1.34773	5.26041
-3.41666	1.34773	5.26041
-2.93244	1.48214	4.09393
-2.93244	1.48214	4.09393
-2.93244	1.48214	4.09393
-3.31644	0.456375	5.53072
-3.31644	0.456375	5.53072
-3.22451	-1.19396	4.64408
-3.22451	-1.19396	4.64408
-4.94255	-0.765189	3.65497
-4.45904	0.174889	6.22838
-4.45904	0.174889	6.22838
-3.94591	1.65097	8.30709
-1.58511	-0.638188	7.21201
-1.58511	-0.638188	7.21201
-0.869022	-1.56895	8.56613
-3.18561	-1.90257	7.79302
-4.88903	-2.20576	5.53579
-4.88903	-2.20576	5.53579
-2.59977	-2.9652	6.39384
-0.0283998	-1.74044	9.28339
-0.0283998	-1.74044	9.28339
-2.48155	-4.03267	11.4982
0.132193	-2.02708	11.9753
0.132193	-2.02708	11.9753
3.10981	-0.246049	11.8307
3.62492	-1.02425	9.02903
3.62492	-1.02425	9.02903
3.66779	1.62414	8.11748
1.67087	2.75072	6.32338
0.093241	4.97178	5.71372
0.093241	4.97178	5.71372
0.093241	4.97178	5.71372
0.093241	4.97178	5.71372
0.093241	4.97178	5.71372
0.093241	4.97178	5.71372
2.0652	5.09816	4.29894
2.0652	5.09816	4.29894
2.0652	5.09816	4.29894
2.0652	5.09816	4.29894
-0.00296891	4.34101	6.73941
2.0202	4.05997	8.06652
-0.269102	5.72663	6.39568
0.908839	4.48323	6.02121
0.908839	4.48323	6.02121
0.908839	4.48323	6.02121
0.908839	4.48323	6.02121
-0.424511	6.98805	3.67685
-0.424511	6.98805	3.67685
-0.424511	6.98805	3.67685
-0.424511	6.98805	3.67685
-0.281191	8.26237	5.76026
0.627087	7.32496	3.19431
0.627087	7.32496	3.19431
1.71522	5.84739	3.43861
1.71522	5.84739	3.43861
2.92146	3.72972	5.12331
2.92146	3.72972	5.12331
4.08332	3.37304	6.5228
7.05839	2.39754	5.30286
4.99451	0.558681	6.8137
4.38737	1.73295	4.86292
2.18474	3.73603	4.10658
0.0364373	2.15387	2.85249
0.0364373	2.15387	2.85249
0.0364373	2.15387	2.85249
-0.7638	1.28857	4.19584
0.108346	2.3663	4.64874
0.108346	2.3663	4.64874
-2.1056	3.76772	3.68725
-2.1056	3.76772	3.68725
-2.1056	3.76772	3.68725
-0.244613	4.41111	5.63644
-0.0289186	3.84053	2.77993
-0.813346	3.89751	3.93533
-1.24083	2.70218	2.86477
-1.94178	2.5603	2.38536
-4.16273	0.529789	2.47054
-1.3797	2.20162	3.9424
-2.37383	2.47847	5.27473
-1.1187	3.32976	4.58106
-1.1187	3.32976	4.58106
-1.1187	3.32976	4.58106
-1.1187	3.32976	4.58106
-1.1187	3.32976	4.58106
-1.20432	3.64836	4.04361
-1.20432	3.64836	4.04361
-1.20432	3.64836	4.04361
-1.20432	3.64836	4.04361
-2.04095	1.52528	4.45163
-2.04095	1.52528	4.45163
-2.04095	1.52528	4.45163
0.610768	-0.230793	5.29422
0.610768	-0.230793	5.29422
0.610768	-0.230793	5.29422
-1.6002	-2.83875	7.00822
-1.53967	-0.0481225	5.70137
-1.53967	-0.0481225	5.70137
-1.53967	-0.0481225	5.70137
0.502096	0.356581	5.23352
0.502096	0.356581	5.23352
0.502096	0.356581	5.23352
0.502096	0.356581	5.23352
-0.561429	-1.04429	2.63046
-0.561429	-1.04429	2.63046
-2.75692	0.00479682	3.32458
-2.75692	0.00479682	3.32458
-2.75692	0.00479682	3.32458
-2.75692	0.00479682	3.32458
-5.67076	0.550533	2.17828
-5.67076	0.550533	2.17828
-3.28401	0.606243	2.46859
-3.28401	0.606243	2.46859
-2.99258	0.880781	3.54813
-2.99258	0.880781	3.54813
-0.652013	-1.36182	3.43879
-0.652013	-1.36182	3.43879
-0.652013	-1.36182	3.43879
0.388577	0.861938	4.061
0.388577	0.861938	4.061
0.550068	0.375679	2.82487
0.550068	0.375679	2.82487
0.550068	0.375679	2.82487
-2.09408	0.942993	3.59773
-4.77367	-0.383748	6.23999
-4.77367	-0.383748	6.23999
-4.77367	-0.383748	6.23999
-4.77367	-0.383748	6.23999
-2.85973	-1.52807	3.81073
-2.85973	-1.52807	3.81073
-2.85973	-1.52807	3.81073
-3.06225	-2.95999	4.26496
-3.06225	-2.95999	4.26496
-1.18432	-0.38973	1.28494
-1.18432	-0.38973	1.28494
-1.18432	-0.38973	1.28494
-1.18432	-0.38973	1.28494
-1.18432	-0.38973	1.28494
-2.56914	-1.83127	2.20582
-2.56914	-1.83127	2.20582
-2.45662	0.116432	1.76184
-2.45662	0.116432	1.76184
0.254854	1.79431	-1.01353
0.127606	-0.980308	-0.974049
0.127606	-0.980308	-0.974049
2.80241	0.880958	-3.19822
-0.181023	3.37777	-1.63729
-0.680169	5.45202	-3.14661
-0.680169	5.45202	-3.14661
-2.86707	5.50389	-6.02869
-4.60927	7.98541	-5.11146
-4.60927	7.98541	-5.11146
-1.78348	7.93671	-5.4664
-3.8434	7.10913	-4.34511
-1.66706	5.36552	-6.32683
-2.96501	3.49611	-5.74812
-2.96501	3.49611	-5.74812
-2.96501	3.49611	-5.74812
-0.031525	2.32995	-6.64473
0.443674	-0.267776	-3.76139
1.45187	-0.612408	-5.93355
-0.666203	-0.27606	-6.58689
-0.773934	1.20764	-4.6583
-2.3782	-1.76462	-5.88885
-2.3782	-1.76462	-5.88885
-2.3782	-1.76462	-5.88885
-2.3782	-1.76462	-5.88885
-2.3782	-1.76462	-5.88885
-2.3782	-1.76462	-5.88885
-2.3782	-1.76462	-5.88885
-3.31195	-1.08091	-5.01976
-3.31195	-1.08091	-5.01976
-3.31195	-1.08091	-5.01976
-3.49744	1.54623	-2.21149
-1.50659	-0.0550785	-0.776401
-2.6939	1.4534	-2.20791
-2.6939	1.4534	-2.20791
-2.6939	1.4534	-2.20791
-2.6939	1.4534	-2.20791
-2.6939	1.4534	-2.20791
-2.6939	1.4534	-2.20791
-2.6939	1.4534	-2.20791
-0.538683	0.826614	-1.33313
-1.76448	0.885039	-2.38033
-1.76448	0.885039	-2.38033
-1.76448	0.885039	-2.38033
-1.76448	0.885039	-2.38033
-1.76448	0.885039	-2.38033
-1.76448	0.885039	-2.38033
-1.76448	0.885039	-2.38033
-1.76448	0.885039	-2.38033
-1.76448	0.885039	-2.38033
-1.46868	-0.724609	-1.01916
-0.312254	-1.99596	-1.01366
-0.312254	-1.99596	-1.01366
-0.312254	-1.99596	-1.01366
0.666219	-2.41425	-2.48028
0.666219	-2.41425	-2.48028
0.666219	-2.41425	-2.48028
0.666219	-2.41425	-2.48028
-1.15122	-1.00648	-2.09058
-0.620171	1.56799	-3.52775
0.0375507	-0.681138	-3.87203
0.0375507	-0.681138	-3.87203
-1.21112	1.64093	-5.66962
-1.52848	2.98593	-4.22879
-1.52848	2.98593	-4.22879
-0.812664	0.577167	-7.00903
0.860961	0.578077	-5.92857
1.99822	1.08405	-4.6485
0.162294	-1.62859	-4.55695
-0.389354	-3.66306	-2.82961
-0.389354	-3.66306	-2.82961
2.24198	-3.04488	-5.80192
2.24198	-3.04488	-5.80192
2.24198	-3.04488	-5.80192
-0.34684	-1.2199	-6.01257
-0.34684	-1.2199	-6.01257
-0.34684	-1.2199	-6.01257
-0.34684	-1.2199	-6.01257
-0.34684	-1.2199	-6.01257
-1.87329	-0.662957	-7.10702
-1.87329	-0.662957	-7.10702
0.171247	-0.786221	-8.35453
-0.724195	-2.88552	-7.0622
-2.41231	-1.70489	-5.57383
-2.41231	-1.70489	-5.57383
-2.41231	-1.70489	-5.57383
-1.10247	-1.10887	-7.98203
-1.10247	-1.10887	-7.98203
-1.10247	-1.10887	-7.98203
-1.58531	-0.216822	-8.81737
-1.58531	-0.216822	-8.81737
-1.58531	-0.216822	-8.81737
1.29789	-2.98802	-7.53637
2.48437	-5.30277	-6.88219
5.23804	-4.30855	-5.51525
5.23804	-4.30855	-5.51525
2.7151	-1.58937	-7.08121
-0.158169	0.159142	-7.51678
-0.158169	0.159142	-7.51678
-0.158169	0.159142	-7.51678
-1.01818	1.22743	-5.26983
-1.72186	2.0104	-2.73391
-1.72186	2.0104	-2.73391
-1.72186	2.0104	-2.73391
-1.72186	2.0104	-2.73391
-1.72186	2.0104	-2.73391
-1.72186	2.0104	-2.73391
0.579559	1.01042	-0.831863
0.579559	1.01042	-0.831863
0.579559	1.01042	-0.831863
0.27552	0.666168	-1.72345
0.27552	0.666168	-1.72345
0.27552	0.666168	-1.72345
0.27552	0.666168	-1.72345
1.288	1.95706	-2.88069
1.6225	1.19402	-5.68855
-0.420573	1.43693	-4.33434
0.248831	-0.590961	-5.1225
0.248831	-0.590961	-5.1225
0.56428	-3.11915	-2.65886
2.35902	-1.18541	-4.14646
2.35902	-1.18541	-4.14646
3.71178	-3.14353	-4.56535
6.59759	-2.24395	-5.88248
7.29511	-3.94791	-6.76406
7.29511	-3.94791	-6.76406
7.29511	-3.94791	-6.76406
7.53829	-4.28436	-5.07574
7.12772	-5.47467	-5.09126
7.12772	-5.47467	-5.09126
7.13871	-7.54844	-5.71828
7.13871	-7.54844	-5.71828
6.53018	-5.20926	-6.86518
4.03908	-2.29607	-7.50732
3.96492	-1.11628	-6.17267
3.96492	-1.11628	-6.17267
3.96492	-1.11628	-6.17267
3.96492	-1.11628	-6.17267
3.96492	-1.11628	-6.17267
1.67761	0.107342	-4.97627
0.178053	-0.703967	-5.64421
-0.237271	1.14426	-6.86493
-1.34086	2.6293	-6.57186
0.732509	0.689846	-7.14546
0.183241	-2.08738	-8.01712
0.662356	-3.19807	-5.50132
-1.61481	-0.643287	-3.29255
-0.939288	0.739253	-2.80792
-0.939288	0.739253	-2.80792
-0.939288	0.739253	-2.80792
0.334748	0.508704	-1.19724
0.334748	0.508704	-1.19724
0.334748	0.508704	-1.19724
0.334748	0.508704	-1.19724
-1.18046	0.0638615	-3.46546
-1.93865	-0.543157	-3.03758
-1.93865	-0.543157	-3.03758
-2.34365	0.498703	-3.45096
-2.34365	0.498703	-3.45096
-1.32689	0.398024	-3.78178
-2.07429	1.43367	-1.44212
-2.07429	1.43367	-1.44212
-2.07429	1.43367	-1.44212
-2.07429	1.43367	-1.44212
-2.07429	1.43367	-1.44212
-2.07429	1.43367	-1.44212
-0.622279	1.55334	0.67036
-1.62178	1.0049	1.40473
-2.70956	-0.513933	0.668251
-3.34512	1.32257	-0.926541
-1.31857	0.463594	1.06334
-1.31857	0.463594	1.06334
-1.31857	0.463594	1.06334
-1.22656	-1.55153	0.473226
-3.05899	0.93021	-2.17963
-3.05899	0.93021	-2.17963
-1.80829	2.84429	-4.18461
-1.80829	2.84429	-4.18461
-0.869136	4.04496	-2.7481
-0.869136	4.04496	-2.7481
-1.62066	1.18852	-1.62754
-2.11039	-0.897564	-3.3288
0.482626	-1.10972	-0.820321
0.482626	-1.10972	-0.820321
0.632895	0.0156769	-1.50148
0.632895	0.0156769	-1.50148
0.120056	1.38741	1.00519
0.120056	1.38741	1.00519
0.120056	1.38741	1.00519
0.712845	-0.760097	2.6445
0.712845	-0.760097	2.6445
0.712845	-0.760097	2.6445
0.712845	-0.760097	2.6445
0.712845	-0.760097	2.6445
0.712845	-0.760097	2.6445
-0.70978	-3.28499	3.07033
-1.1367	-2.28978	3.86238
-1.1367	-2.28978	3.86238
-3.2722	-0.472112	3.67457
-3.2722	-0.472112	3.67457
-5.3186	-1.23616	3.76445
-5.3186	-1.23616	3.76445
-5.35279	-0.603792	3.86746
-5.35279	-0.603792	3.86746
-3.76981	2.29909	1.2162
-3.76981	2.29909	1.2162
-2.51856	3.27538	-0.771247
-4.49578	3.04805	-2.35939
-4.54131	2.60218	-1.54455
-5.21394	1.53401	-1.51675
-2.97377	0.410259	-4.21976
-1.28049	2.74202	-1.80802
-1.28049	2.74202	-1.80802
0.126237	0.138882	0.407268
0.126237	0.138882	0.407268
-2.37402	-0.487438	-1.17548
0.066895	0.584451	-2.57601
0.066895	0.584451	-2.57601
0.066895	0.584451	-2.57601
0.066895	0.584451	-2.57601
0.066895	0.584451	-2.57601
0.066895	0.584451	-2.57601
0.066895	0.584451	-2.57601
0.066895	0.584451	-2.57601
1.88539	-0.248636	-2.9036
1.88539	-0.248636	-2.9036
-0.708985	-0.683834	-4.16744
1.68517	-0.502935	-3.6008
-1.31081	-0.635451	-2.30866
-1.31081	-0.635451	-2.30866
-0.319557	0.674919	-0.597128
-1.24004	-1.04065	0.599649
0.407454	-1.60498	-0.814193
0.407454	-1.60498	-0.814193
0.407454	-1.60498	-0.814193
1.65407	0.159866	0.876033
1.49771	2.11768	-1.03941
1.49771	2.11768	-1.03941
1.49771	2.11768	-1.03941
1.49771	2.11768	-1.03941
-0.939633	2.32928	-3.49937
-0.948909	2.54597	-2.97163
-0.948909	2.54597	-2.97163
1.52407	2.97703	-5.45988
1.52407	2.97703	-5.45988
2.26868	1.79129	-5.36483
2.64842	3.69643	-5.12148
0.467577	0.982907	-7.81931
0.467577	0.982907	-7.81931
0.0912487	0.772193	-6.31839
0.0912487	0.772193	-6.31839
-0.925863	-2.14885	-5.72778
-3.84528	0.720408	-8.60303
-3.84528	0.720408	-8.60303
-3.43902	-0.646399	-7.90661
-0.483777	-2.13262	-6.51518
-0.483777	-2.13262	-6.51518
-0.483777	-2.13262	-6.51518
0.713953	-2.52466	-4.76925
0.713953	-2.52466	-4.76925
0.713953	-2.52466	-4.76925
0.713953	-2.52466	-4.76925
1.79627	-2.48529	-3.28428
1.79627	-2.48529	-3.28428
1.79627	-2.48529	-3.28428
1.79627	-2.48529	-3.28428
1.92601	-1.4166	-1.43652
1.92601	-1.4166	-1.43652
1.52133	-0.970493	-1.39283
1.62935	0.541255	-1.07444
0.407129	0.128444	-0.851929
0.407129	0.128444	-0.851929
0.616067	1.43392	-2.55886
0.616067	1.43392	-2.55886
0.616067	1.43392	-2.55886
0.616067	1.43392	-2.55886
-1.67924	-0.955811	-1.37492
0.259347	0.00416922	-3.18149
0.259347	0.00416922	-3.18149
-2.31895	0.849817	-2.09532
-2.31895	0.849817	-2.09532
-2.31895	0.849817	-2.09532
-2.31895	0.849817	-2.09532
-2.31895	0.849817	-2.09532
-2.31895	0.849817	-2.09532
-2.64191	0.704144	-4.55178
-2.64191	0.704144	-4.55178
-2.64191	0.704144	-4.55178
0.162784	2.24139	-1.87633
0.162784	2.24139	-1.87633
2.44311	0.127839	-2.52195
2.73522	2.06138	-4.51816
2.73522	2.06138	-4.51816
2.73522	2.06138	-4.51816
1.42008	4.53768	-2.43944
3.49519	3.65423	-2.66901
3.49519	3.65423	-2.66901
3.49519	3.65423	-2.66901
3.49519	3.65423	-2.66901
3.49519	3.65423	-2.66901
3.49519	3.65423	-2.66901
2.37591	3.78629	-5.13151
3.65951	5.83212	-2.17822
3.03615	3.83405	-3.57215
3.03615	3.83405	-3.57215
3.23179	4.69344	-3.83181
3.23179	4.69344	-3.83181
3.23179	4.69344	-3.83181
3.23179	4.69344	-3.83181
5.34237	4.55058	-4.04035
5.34237	4.55058	-4.04035
5.34237	4.55058	-4.04035
5.34237	4.55058	-4.04035
6.10589	1.89597	-2.37131
6.10589	1.89597	-2.37131
8.45266	0.267717	-2.94874
7.47967	-0.733977	-1.90007
7.47967	-0.733977	-1.90007
4.88209	0.794378	-2.98606
2.21248	-0.200658	-3.35597
2.2203	-0.652958	-4.70875
1.87512	1.73208	-3.04792
1.43626	0.43985	-3.03779
0.581717	1.69807	-2.82384
3.27251	-0.532688	-3.47238
3.27251	-0.532688	-3.47238
3.27251	-0.532688	-3.47238
3.27251	-0.532688	-3.47238
4.98472	1.24548	-5.76712
6.38275	2.85729	-3.01552
5.57045	2.93657	-5.81808
5.62544	3.12077	-4.83989
5.62544	3.12077	-4.83989
4.08103	0.793349	-6.0484
1.55892	0.73029	-8.63051
-0.523489	-0.0282701	-8.78784
-1.45774	0.951918	-6.31468
-1.45774	0.951918	-6.31468
-1.45774	0.951918	-6.31468
-1.45774	0.951918	-6.31468
-1.45774	0.951918	-6.31468
-2.49294	-1.66498	-8.24384
-3.84767	-3.7053	-6.53547
-3.84767	-3.7053	-6.53547
-4.36487	-6.02928	-3.83708
-1.73054	-5.27401	-1.33158
-1.73054	-5.27401	-1.33158
-3.03929	-3.00598	-0.86372
-3.85223	-3.94956	1.07183
-3.85223	-3.94956	1.07183
-3.85223	-3.94956	1.07183
-3.86214	-6.06668	3.007
-0.892106	-6.8903	4.32156
-0.892106	-6.8903	4.32156
-2.63145	-4.55901	4.1457
-0.677325	-4.90417	5.02087
-3.27574	-2.99123	7.26441
-3.27574	-2.99123	7.26441
-5.92706	-1.73061	4.38505
-5.08141	-2.75462	6.08394
-5.80082	-4.82783	3.70795
-3.1409	-4.40972	5.51967
-3.1409	-4.40972	5.51967
-1.21761	-4.50218	3.37483
0.76674	-2.46626	0.987004
0.658268	-0.904765	3.62374
0.658268	-0.904765	3.62374
-1.66194	1.68741	2.3703
-1.66194	1.68741	2.3703
0.12648	-0.472332	4.34641
0.916002	0.404189	2.41178
0.916002	0.404189	2.41178
0.916002	0.404189	2.41178
-0.421274	-1.70132	1.40062
-0.421274	-1.70132	1.40062
-0.421274	-1.70132	1.40062
-0.421274	-1.70132	1.40062
-0.421274	-1.70132	1.40062
-0.421274	-1.70132	1.40062
-1.85032	-2.37075	3.32862
-1.85032	-2.37075	3.32862
-2.49983	0.59493	4.0496
-0.478377	-0.103594	4.59412
-1.45866	0.0645507	3.88486
-1.45866	0.0645507	3.88486
-4.27007	-1.32286	3.35953
-4.48297	0.270428	2.80427
-4.48297	0.270428	2.80427
-2.71289	0.120948	2.03248
-0.896318	1.20884	3.96202
0.968573	-1.46476	1.65688
0.968573	-1.46476	1.65688
1.86128	-0.576886	3.43553
-0.933491	2.33981	4.49302
-0.43666	1.08141	5.67691
-0.459381	3.68445	2.75291
-0.459381	3.68445	2.75291
0.151542	1.85948	2.81439
0.151542	1.85948	2.81439
0.151542	1.85948	2.81439
1.65698	0.546586	1.8023
1.65698	0.546586	1.8023
1.65698	0.546586	1.8023
-0.846063	-2.24896	3.37116
-0.846063	-2.24896	3.37116
-0.846063	-2.24896	3.37116
-0.846063	-2.24896	3.37116
-1.35748	0.454498	5.83538
-2.61819	-1.75562	4.72123
-2.40368	-4.11461	1.88964
-0.0818377	-5.49571	3.91362
-0.0818377	-5.49571	3.91362
-0.0818377	-5.49571	3.91362
-0.1324	-2.75846	2.12516
-0.1324	-2.75846	2.12516
-0.1324	-2.75846	2.12516
0.0698658	-3.03892	1.40332
2.11523	-2.03453	0.523385
-0.273318	0.497427	3.45601
-0.273318	0.497427	3.45601
-0.744583	-1.48576	2.38085
-0.744583	-1.48576	2.38085
-0.744583	-1.48576	2.38085
-0.744583	-1.48576	2.38085
-1.69985	-0.393547	2.24246
-1.69985	-0.393547	2.24246
-1.69985	-0.393547	2.24246
-1.69985	-0.393547	2.24246
-1.69985	-0.393547	2.24246
-1.69985	-0.393547	2.24246
0.0326221	-1.13857	1.35265
2.86391	-2.48061	4.01013
2.86391	-2.48061	4.01013
2.86391	-2.48061	4.01013
2.86391	-2.48061	4.01013
2.86391	-2.48061	4.01013
2.86391	-2.48061	4.01013
3.63594	-3.03437	3.70833
4.06042	-1.38551	2.43859
4.06042	-1.38551	2.43859
4.06042	-1.38551	2.43859
4.06042	-1.38551	2.43859
2.25225	-2.60171	2.19574
2.25225	-2.60171	2.19574
2.25225	-2.60171	2.19574
2.25225	-2.60171	2.19574
2.25225	-2.60171	2.19574
2.25225	-2.60171	2.19574
2.0412	-0.220021	1.68543
2.0412	-0.220021	1.68543
2.0412	-0.220021	1.68543
2.0412	-0.220021	1.68543
0.131143	-2.7574	4.48034
0.131143	-2.7574	4.48034
1.70031	-1.11845	2.22079
0.503611	-2.94927	3.75903
0.503611	-2.94927	3.75903
3.08066	-0.965119	0.898205
4.9988	-3.10151	1.83481
4.14239	-5.17043	1.63762
6.35563	-4.42212	4.14564
6.35563	-4.42212	4.14564
8.03153	-5.18987	2.12866
8.03153	-5.18987	2.12866
8.66896	-3.04933	4.32139
9.31965	-1.18221	6.07995
8.29902	-1.10744	3.7617
9.46292	-1.2085	2.44749
9.2622	-2.91598	3.82444
9.2622	-2.91598	3.82444
7.46235	-4.42307	2.94796
7.46235	-4.42307	2.94796
6.86458	-2.91829	3.59176
6.86458	-2.91829	3.59176
5.99537	-1.56351	1.41397
5.99537	-1.56351	1.41397
5.99537	-1.56351	1.41397
3.15282	-0.251694	1.6099
0.159984	-2.12774	1.20727
-0.216833	-0.0238602	3.86392
-0.216833	-0.0238602	3.86392
0.0170592	1.94373	5.81439
-0.381508	3.2953	5.87908
-0.381508	3.2953	5.87908
0.03952	5.77503	3.89599
0.66857	4.21582	1.04729
0.66857	4.21582	1.04729
0.66857	4.21582	1.04729
-0.931752	4.01505	2.01166
1.13518	6.23951	4.05964
-1.22461	8.2809	2.64898
1.77283	6.06462	2.71499
-0.0546643	6.43725	3.28193
-0.532798	3.90766	5.83045
-0.532798	3.90766	5.83045
-0.532798	3.90766	5.83045
-0.532798	3.90766	5.83045
-1.70531	2.96103	4.66804
-0.0781554	2.50098	3.32603
0.602754	0.0462079	0.621981
1.76067	1.60647	1.59904
1.76067	1.60647	1.59904
1.76067	1.60647	1.59904
1.76067	1.60647	1.59904
1.76067	1.60647	1.59904
1.76067	1.60647	1.59904
-0.539123	-1.0581	1.71207
-0.539123	-1.0581	1.71207
-0.539123	-1.0581	1.71207
-0.539123	-1.0581	1.71207
0.127796	0.244116	-0.982562
0.127796	0.244116	-0.982562
-1.0854	1.25924	-2.20213
-1.0854	1.25924	-2.20213
-1.0854	1.25924	-2.20213
-1.0854	1.25924	-2.20213
-0.16616	0.485098	-3.84076
-0.16616	0.485098	-3.84076
-0.16616	0.485098	-3.84076
-0.112086	-0.466151	-1.7689
-0.112086	-0.466151	-1.7689
-0.112086	-0.466151	-1.7689
-0.112086	-0.466151	-1.7689
0.157896	1.83258	-1.83135
0.999272	1.91592	-0.742213
1.49399	-0.504624	-1.30572
-0.0588898	-2.18603	-1.72473
-1.85745	-0.243304	0.521792
-0.157385	2.41697	1.6875
-0.157385	2.41697	1.6875
-0.157385	2.41697	1.6875
-0.157385	2.41697	1.6875
-0.157385	2.41697	1.6875
-0.157385	2.41697	1.6875
-0.157385	2.41697	1.6875
0.165368	1.14706	1.55866
0.165368	1.14706	1.55866
0.165368	1.14706	1.55866
0.165368	1.14706	1.55866
0.165368	1.14706	1.55866
0.165368	1.14706	1.55866
0.611721	-0.0849973	-0.602454
2.09961	0.695671	-3.12959
4.2927	-0.444368	-3.20803
3.35566	-3.35825	-4.66212
1.80127	-3.73929	-5.15939
4.30452	-0.855568	-3.95655
4.30452	-0.855568	-3.95655
3.5913	-0.505829	-2.89068
0.72908	0.512303	-1.70788
0.72908	0.512303	-1.70788
-0.0088288	0.906168	-1.38188
-0.0088288	0.906168	-1.38188
-0.664676	0.289489	1.25815
-3.31194	0.536448	-1.26276
-4.05161	2.14494	-1.39869
-1.13537	-0.793005	-4.02055
-1.13537	-0.793005	-4.02055
-1.13537	-0.793005	-4.02055
-1.13537	-0.793005	-4.02055
-1.13537	-0.793005	-4.02055
-1.10061	-1.34402	-3.24665
0.310697	-0.421296	-4.01254
0.310697	-0.421296	-4.01254
-2.54259	-1.21312	-5.15151
-2.54259	-1.21312	-5.15151
0.199335	0.146601	-5.49737
-2.45383	1.18664	-6.88242
-2.45383	1.18664	-6.88242
-2.45383	1.18664	-6.88242
-2.45383	1.18664	-6.88242
0.301493	-1.12855	-7.12137
0.532375	1.1023	-5.41111
-0.567342	-1.15435	-5.12327
-0.567342	-1.15435	-5.12327
-0.734289	0.121958	-4.84884
1.0256	-0.0885159	-3.44543
1.0256	-0.0885159	-3.44543
1.0256	-0.0885159	-3.44543
1.0256	-0.0885159	-3.44543
1.0256	-0.0885159	-3.44543
1.0256	-0.0885159	-3.44543
1.0256	-0.0885159	-3.44543
0.117117	0.897612	-4.6371
2.38767	-1.17598	-2.10125
2.38767	-1.17598	-2.10125
1.44856	-1.80522	-1.35425
1.44856	-1.80522	-1.35425
3.1907	-1.54264	-3.55594
1.02984	-2.45401	-5.5168
1.02984	-2.45401	-5.5168
-1.9294	0.242566	-2.54208
-1.9294	0.242566	-2.54208
-1.9294	0.242566	-2.54208
-1.9294	0.242566	-2.54208
-0.430235	-0.801512	-5.31575
-3.42037	-1.02758	-4.29286
-1.4058	-0.613757	-3.44871
0.382676	1.47564	-3.84567
-2.44572	-1.51265	-4.45015
-2.44572	-1.51265	-4.45015
-2.44572	-1.51265	-4.45015
-2.44572	-1.51265	-4.45015
0.504662	0.542422	-2.03618
0.504662	0.542422	-2.03618
0.504662	0.542422	-2.03618
0.504662	0.542422	-2.03618
-1.70213	-1.08268	-2.75226
-1.59067	1.12463	-4.91203
0.803356	1.31225	-2.7797
-1.6032	1.76472	-3.85244
-1.6032	1.76472	-3.85244
-1.6032	1.76472	-3.85244
-1.6032	1.76472	-3.85244
-1.6032	1.76472	-3.85244
-0.0586489	4.26772	-4.04008
2.47392	3.5235	-5.78077
0.793029	4.01368	-6.24376
2.32761	4.51653	-5.60773
4.52514	2.95305	-5.0533
5.713	-0.0109748	-4.40352
3.36936	2.17916	-2.1837
1.05483	2.27464	-4.64224
0.226586	-0.23288	-6.52094
0.226586	-0.23288	-6.52094
2.37843	0.276617	-4.16636
1.01953	1.54824	-4.5627
1.54717	-0.00179014	-4.33102
2.55874	2.96196	-5.90682
4.45737	4.36847	-4.74623
4.45737	4.36847	-4.74623
4.02826	2.96581	-6.7778
4.02826	2.96581	-6.7778
3.17019	5.82128	-6.42747
3.17019	5.82128	-6.42747
4.64796	4.32549	-6.0154
4.64796	4.32549	-6.0154
2.6423	2.00214	-6.58154
2.6423	2.00214	-6.58154
2.6423	2.00214	-6.58154
2.6423	2.00214	-6.58154
2.6423	2.00214	-6.58154
2.35304	2.40918	-5.00876
2.35304	2.40918	-5.00876
2.35304	2.40918	-5.00876
1.99474	0.010991	-2.54335
1.99474	0.010991	-2.54335
1.99474	0.010991	-2.54335
1.99474	0.010991	-2.54335
1.99474	0.010991	-2.54335
1.99474	0.010991	-2.54335
1.99474	0.010991	-2.54335
3.51556	-2.23353	-3.49987
1.7388	-4.07967	-3.06598
1.7388	-4.07967	-3.06598
2.68571	-4.4228	-3.91864
2.68571	-4.4228	-3.91864
2.55001	-3.26673	-3.93109
0.0843385	-1.33076	-6.23494
-1.56898	-1.67442	-5.47532
0.117907	1.14216	-4.39749
0.117907	1.14216	-4.39749
1.35429	0.0285673	-3.85004
1.35429	0.0285673	-3.85004
1.35429	0.0285673	-3.85004
1.35429	0.0285673	-3.85004
1.35429	0.0285673	-3.85004
3.05623	0.296338	-1.81227
0.699	-0.378993	0.892152
0.699	-0.378993	0.892152
0.699	-0.378993	0.892152
0.882801	-2.49273	-1.76169
-2.05026	0.335316	-3.3223
0.308772	-0.343972	-1.46736
-0.538756	0.268354	-3.05162
-0.538756	0.268354	-3.05162
-2.37235	2.04899	-4.46947
-0.595757	1.91172	-5.92192
1.95349	2.51246	-4.40454
1.95349	2.51246	-4.40454
1.95349	2.51246	-4.40454
1.01475	2.2881	-4.22371
1.01475	2.2881	-4.22371
1.01475	2.2881	-4.22371
1.01475	2.2881	-4.22371
1.62364	0.301087	-1.29215
1.62364	0.301087	-1.29215
3.59319	0.51026	-4.14398
2.15494	-1.48276	-3.6205
2.15494	-1.48276	-3.6205
2.15494	-1.48276	-3.6205
3.344	-2.81472	-4.0614
2.65732	-1.13986	-6.66025
0.931664	-1.5655	-6.42914
3.76336	-3.79154	-6.25353
3.76336	-3.79154	-6.25353
1.15441	-2.23593	-6.49051
-0.194443	-2.83839	-3.82925
-0.194443	-2.83839	-3.82925
-0.194443	-2.83839	-3.82925
-0.194443	-2.83839	-3.82925
-0.194443	-2.83839	-3.82925
-0.60526	-0.0841096	-3.65292
2.1844	-0.589937	-2.8446
2.1844	-0.589937	-2.8446
0.790141	-0.729201	-3.07214
3.11946	-2.68053	-5.46913
3.13904	-4.84379	-4.79028
1.47497	-5.38613	-6.54339
1.47497	-5.38613	-6.54339
-1.24211	-3.06384	-8.52676
-1.24211	-3.06384	-8.52676
-0.0849819	-4.28208	-5.6903
2.69054	-2.91898	-4.23341
2.69054	-2.91898	-4.23341
2.69054	-2.91898	-4.23341
2.69054	-2.91898	-4.23341
2.69054	-2.91898	-4.23341
1.11205	-0.152061	-2.42693
1.11205	-0.152061	-2.42693
1.11205	-0.152061	-2.42693
1.11205	-0.152061	-2.42693
1.11205	-0.152061	-2.42693
2.61465	1.61622	-5.32695
0.400461	2.42571	-4.23586
-2.03278	-0.422337	-5.17274
-2.03278	-0.422337	-5.17274
-0.087055	-1.83726	-2.22142
-1.07088	0.653824	-3.7578
-1.07088	0.653824	-3.7578
-1.07088	0.653824	-3.7578
-1.95352	1.56629	-2.25765
-1.95352	1.56629	-2.25765
-1.95352	1.56629	-2.25765
-1.95352	1.56629	-2.25765
-2.13699	0.990885	-4.76176
-2.13699	0.990885	-4.76176
-2.13699	0.990885	-4.76176
0.327695	0.139176	-5.31796
0.327695	0.139176	-5.31796
1.31913	0.854137	-5.81299
1.31913	0.854137	-5.81299
-0.294865	-0.638228	-3.69837
-0.294865	-0.638228	-3.69837
-0.294865	-0.638228	-3.69837
-0.294865	-0.638228	-3.69837
-1.98598	-0.283781	-3.96405
-1.98598	-0.283781	-3.96405
-0.113304	-0.502318	-2.83997
-0.113304	-0.502318	-2.83997
-1.42062	1.03686	-4.93721
-1.22144	0.777474	-2.04885
-0.195553	1.32723	-2.65924
-0.195553	1.32723	-2.65924
-0.195553	1.32723	-2.65924
-0.195553	1.32723	-2.65924
-0.195553	1.32723	-2.65924
-0.387397	0.202946	-3.63823
-2.37785	0.349605	-3.99355
-2.37785	0.349605	-3.99355
-2.37785	0.349605	-3.99355
-0.863837	-1.51552	-3.7469
0.734392	0.658755	-1.77585
-0.183989	-0.969383	-1.05065
2.62507	1.94097	-3.95109
1.06845	-0.917351	-6.12487
2.64629	-0.144942	-5.00202
2.85644	0.504044	-3.07826
0.420824	3.03352	-3.02189
0.420824	3.03352	-3.02189
-0.109439	1.45385	-1.73723
-0.109439	1.45385	-1.73723
-0.109439	1.45385	-1.73723
0.921528	0.396759	-1.84003
0.921528	0.396759	-1.84003
0.921528	0.396759	-1.84003
0.921528	0.396759	-1.84003
0.271722	-0.965072	-3.59637
0.271722	-0.965072	-3.59637
-1.08153	-1.18801	-2.23081
0.946015	-0.850705	-4.59403
0.946015	-0.850705	-4.59403
3.66366	2.13553	-1.63219
3.66366	2.13553	-1.63219
3.66366	2.13553	-1.63219
4.10807	-0.154055	-2.53235
1.62193	2.40245	-2.10275
1.62193	2.40245	-2.10275
1.8078	-0.213832	-1.09651
-0.462594	-2.00637	-3.3262
1.60616	-2.87418	-2.07759
1.60616	-2.87418	-2.07759
1.60616	-2.87418	-2.07759
0.890653	-2.13919	-4.33931
0.258257	-2.35317	-3.12672
0.258257	-2.35317	-3.12672
2.31093	0.404186	-4.60774
-0.126246	-1.57649	-4.83057
-1.01704	-1.82328	-7.0842
-1.01704	-1.82328	-7.0842
-1.06022	-3.99938	-6.60245
-0.769727	-3.04094	-5.65992
1.04864	-3.96512	-3.27538
1.16934	-3.76205	-1.70309
2.58157	-1.95876	-2.40741
2.58157	-1.95876	-2.40741
2.58157	-1.95876	-2.40741
0.820393	-3.31766	-4.93323
0.0584183	-2.9354	-2.5607
0.0584183	-2.9354	-2.5607
0.720869	-1.06469	-2.6495
2.17861	0.468411	-4.82598
0.19065	2.3822	-4.79277
0.261147	4.50441	-6.28922
0.261147	4.50441	-6.28922
-0.68731	2.23796	-4.2033
-0.0989039	0.453496	-2.3851
-0.0989039	0.453496	-2.3851
-0.0108674	-1.40777	-2.90154
-0.0108674	-1.40777	-2.90154
-0.0108674	-1.40777	-2.90154
-0.0108674	-1.40777	-2.90154
2.88943	-4.26945	-4.362
3.13588	-3.88248	-1.63644
3.13588	-3.88248	-1.63644
3.13588	-3.88248	-1.63644
3.06285	-1.40325	-1.99465
3.70993	-1.85712	-4.0006
3.70993	-1.85712	-4.0006
2.4973	-3.56674	-4.85426
3.26728	-1.08812	-3.84768
3.26728	-1.08812	-3.84768
3.26728	-1.08812	-3.84768
0.637378	-0.81434	-2.57133
0.637378	-0.81434	-2.57133
0.637378	-0.81434	-2.57133
0.637378	-0.81434	-2.57133
0.637378	-0.81434	-2.57133
0.637378	-0.81434	-2.57133
1.01087	-1.17706	-3.97599
1.01087	-1.17706	-3.97599
1.01087	-1.17706	-3.97599
-0.47816	0.355618	-3.87609
-0.47816	0.355618	-3.87609
1.38253	-1.50191	-3.21206
1.38253	-1.50191	-3.21206
0.725603	-0.306849	-1.63414
1.78714	-0.99265	1.28647
1.78714	-0.99265	1.28647
1.78714	-0.99265	1.28647
1.41049	-1.51341	3.59611
1.41049	-1.51341	3.59611
1.41049	-1.51341	3.59611
1.41049	-1.51341	3.59611
1.41049	-1.51341	3.59611
1.74912	-1.29222	5.59309
1.18728	-2.59738	5.03213
1.18728	-2.59738	5.03213
1.18728	-2.59738	5.03213
-0.563391	-1.30452	3.22151
-0.563391	-1.30452	3.22151
-0.563391	-1.30452	3.22151
0.329522	0.590183	3.43735
0.329522	0.590183	3.43735
0.329522	0.590183	3.43735
0.329522	0.590183	3.43735
0.329522	0.590183	3.43735
0.329522	0.590183	3.43735
0.329522	0.590183	3.43735
0.329522	0.590183	3.43735
0.329522	0.590183	3.43735
0.329522	0.590183	3.43735
0.329522	0.590183	3.43735
0.329522	0.590183	3.43735
0.329522	0.590183	3.43735
0.329522	0.590183	3.43735
0.329522	0.590183	3.43735
0.329522	0.590183	3.43735
-0.592662	0.0953656	0.915747
0.816309	-2.27694	-1.8142
0.816309	-2.27694	-1.8142
1.96089	-0.0747456	-2.67704
0.164571	-0.546561	-3.65127
0.164571	-0.546561	-3.65127
0.164571	-0.546561	-3.65127
0.164571	-0.546561	-3.65127
0.164571	-0.546561	-3.65127
0.164571	-0.546561	-3.65127
0.164571	-0.546561	-3.65127
0.164571	-0.546561	-3.65127
0.180873	1.00724	-2.17542
0.180873	1.00724	-2.17542
0.31519	0.478469	-3.95747
0.31519	0.478469	-3.95747
0.31519	0.478469	-3.95747
0.31519	0.478469	-3.95747
1.94323	0.348433	-5.54193
0.874411	3.14246	-6.84446
0.35527	2.24944	-7.95675
0.35527	2.24944	-7.95675
-1.25337	-0.244345	-7.29952
-1.25337	-0.244345	-7.29952
-1.25337	-0.244345	-7.29952
1.21486	-0.32448	-5.84888
1.21486	-0.32448	-5.84888
1.21486	-0.32448	-5.84888
2.36904	-2.47031	-3.80387
2.36904	-2.47031	-3.80387
1.15097	0.22343	-2.21832
1.15097	0.22343	-2.21832
3.73583	3.06025	-3.43972
5.423	0.66315	-3.05414
3.63155	3.03104	-5.49123
3.63155	3.03104	-5.49123
4.66971	0.156202	-3.7665
4.66971	0.156202	-3.7665
4.66971	0.156202	-3.7665
3.63658	3.15613	-5.50126
1.08744	0.214182	-4.87502
2.26617	-0.105927	-4.17198
-0.319133	-2.63463	-2.67209
-0.319133	-2.63463	-2.67209
-2.30003	-1.55096	-4.16354
-2.30003	-1.55096	-4.16354
-2.30003	-1.55096	-4.16354
-0.736841	1.28115	-6.76641
-0.736841	1.28115	-6.76641
-1.68168	1.6824	-4.64305
-1.68168	1.6824	-4.64305
0.125662	-0.249162	-6.5492
0.125662	-0.249162	-6.5492
0.125662	-0.249162	-6.5492
-1.54301	1.34987	-3.95825
-3.81944	2.23479	-4.24401
-1.0375	4.33231	-2.70768
-1.0375	4.33231	-2.70768
-1.0375	4.33231	-2.70768
0.377576	2.77692	-1.03927
0.377576	2.77692	-1.03927
2.76005	1.97974	-0.578481
2.76005	1.97974	-0.578481
3.94028	-0.827725	-1.15791
3.94028	-0.827725	-1.15791
3.94028	-0.827725	-1.15791
3.94028	-0.827725	-1.15791
3.94028	-0.827725	-1.15791
3.94028	-0.827725	-1.15791
3.8679	-2.40045	-1.39499
3.8679	-2.40045	-1.39499
4.50208	-1.20251	-2.91768
4.50208	-1.20251	-2.91768
2.39115	0.979257	-2.36779
2.39115	0.979257	-2.36779
2.39115	0.979257	-2.36779
1.89869	0.221305	-4.63322
1.89869	0.221305	-4.63322
2.68111	0.787686	-3.90727
-0.0090266	0.510052	-2.36219
-1.59621	-1.26086	-1.78104
0.583489	-1.94511	-1.97751
0.583489	-1.94511	-1.97751
0.111187	-0.857046	-4.65106
2.0549	0.517734	-5.70505
2.0549	0.517734	-5.70505
2.0549	0.517734	-5.70505
-0.669828	-1.37579	-3.6382
1.80053	-0.596741	-3.72621
2.3396	-1.86323	-4.77952
2.3396	-1.86323	-4.77952
2.3396	-1.86323	-4.77952
2.3396	-1.86323	-4.77952
5.22089	1.09414	-3.66116
5.22089	1.09414	-3.66116
5.22089	1.09414	-3.66116
5.22089	1.09414	-3.66116
5.22089	1.09414	-3.66116
5.22089	1.09414	-3.66116
2.77843	0.429463	-4.93334
2.77843	0.429463	-4.93334
1.47193	-2.06705	-3.51949
1.47193	-2.06705	-3.51949
1.47193	-2.06705	-3.51949
1.47193	-2.06705	-3.51949
0.322206	-1.58629	-3.2182
-1.48514	-1.37066	-0.755223
1.31172	-3.56795	-2.9344
1.63972	-4.22563	-4.10756
0.0191893	-4.00969	-2.77706
0.0191893	-4.00969	-2.77706
0.424332	-1.61589	-2.57842
0.424332	-1.61589	-2.57842
2.42544	-1.40371	-2.37624
2.01591	1.40226	-0.515275
-0.105991	-0.238513	1.10643
-0.105991	-0.238513	1.10643
-0.105991	-0.238513	1.10643
-1.43395	2.28512	3.43868
-4.27112	-0.134292	4.82713
-4.27112	-0.134292	4.82713
-6.3949	0.593513	3.79402
-6.3949	0.593513	3.79402
-6.3949	0.593513	3.79402
-3.65749	1.23816	4.21065
-3.88166	-0.963499	4.64984
-3.94949	2.01499	2.76298
-2.94506	3.11164	2.48964
-2.94506	3.11164	2.48964
-2.94506	3.11164	2.48964
-2.94506	3.11164	2.48964
-2.94506	3.11164	2.48964
-2.94506	3.11164	2.48964
-2.94506	3.11164	2.48964
-0.416322	0.232853	1.77861
-0.416322	0.232853	1.77861
0.309014	0.782341	1.79318
1.28876	0.781182	2.21985
1.28876	0.781182	2.21985
1.28876	0.781182	2.21985
0.834633	-1.1003	3.99676
-0.893705	-1.91118	1.62524
-0.893705	-1.91118	1.62524
-0.893705	-1.91118	1.62524
-0.0713196	0.950204	4.5141
-2.76047	1.90873	3.24086
-2.76047	1.90873	3.24086
-3.70568	2.01058	1.05067
-5.59296	0.288771	1.98019
-5.29801	1.8987	2.41601
-5.29801	1.8987	2.41601
-3.92299	1.12154	1.28098
-3.92299	1.12154	1.28098
-0.968836	3.30402	-0.897818
-1.1555	4.71607	-1.02506
-1.34226	3.94175	-1.53554
-1.08262	2.48132	-0.638695
-1.08262	2.48132	-0.638695
-1.08262	2.48132	-0.638695
-4.02958	3.97949	-1.13638
-4.69439	1.07475	-2.46885
-4.69439	1.07475	-2.46885
-3.85038	2.45833	-4.01777
-2.4421	4.15876	-3.91266
-0.958418	3.0728	-3.58825
-0.958418	3.0728	-3.58825
1.18477	3.12927	-2.48821
1.18477	3.12927	-2.48821
1.88336	3.49314	-3.82865
1.88336	3.49314	-3.82865
-0.0901239	2.69146	-1.33194
-0.0901239	2.69146	-1.33194
-0.0901239	2.69146	-1.33194
0.482759	0.016589	0.90765
-0.0996554	-1.37449	-1.97712
-0.0996554	-1.37449	-1.97712
-0.0996554	-1.37449	-1.97712
0.718905	-1.27721	-2.8933
0.396329	0.251922	-3.97501
0.396329	0.251922	-3.97501
2.94597	2.32917	-2.31995
2.94597	2.32917	-2.31995
1.23928	0.365815	-2.90501
0.909631	-0.768624	-3.63449
0.909631	-0.768624	-3.63449
0.909631	-0.768624	-3.63449
0.909631	-0.768624	-3.63449
0.909631	-0.768624	-3.63449
0.909631	-0.768624	-3.63449
-0.990321	-3.05448	-4.01838
-0.619886	-1.08346	-3.90264
0.235159	-2.69625	-4.90146
0.235159	-2.69625	-4.90146
0.235159	-2.69625	-4.90146
0.937515	-5.50838	-5.85061
1.65751	-5.65914	-7.53118
4.01688	-2.93518	-8.83202
2.07739	-0.97318	-9.17513
0.525853	0.303602	-7.53152
0.877754	-0.461907	-9.89649
-1.00967	1.67988	-10.3099
0.0254961	0.276591	-11.3563
1.4367	2.99713	-10.0152
1.4367	2.99713	-10.0152
0.217108	0.485364	-7.95573
-1.87045	0.473533	-6.41841
-2.52588	3.05156	-3.90035
-2.52588	3.05156	-3.90035
-0.172752	5.40943	-6.53282
-1.14563	4.87997	-6.37887
-1.14563	4.87997	-6.37887
-1.17162	5.07924	-5.92466
-1.17162	5.07924	-5.92466
-2.85383	2.13836	-4.48795
-2.85383	2.13836	-4.48795
-2.85383	2.13836	-4.48795
-2.85383	2.13836	-4.48795
-0.580757	3.80238	-3.39093
-0.580757	3.80238	-3.39093
-0.580757	3.80238	-3.39093
1.4374	3.20065	-3.47293
1.4374	3.20065	-3.47293
1.4374	3.20065	-3.47293
1.4374	3.20065	-3.47293
1.4374	3.20065	-3.47293
1.63584	1.68681	-6.17371
1.91304	1.47939	-5.08377
-0.26317	-0.65264	-6.57302
-0.26317	-0.65264	-6.57302
-1.63616	-0.0853673	-5.02906
-2.63748	1.85927	-2.80795
-1.62951	0.716259	-2.13885
-1.62951	0.716259	-2.13885
-1.62951	0.716259	-2.13885
-0.82988	-0.48843	-0.146667
-3.50459	2.4692	1.55851
-3.60677	2.7473	4.40162
-1.0033	2.13618	6.73647
-1.7977	0.827308	6.60037
-1.7977	0.827308	6.60037
-1.7977	0.827308	6.60037
-1.7977	0.827308	6.60037
-1.69333	1.93189	6.16866
-1.69333	1.93189	6.16866
-2.12204	3.19283	4.8429
-4.85154	1.24158	6.10852
-6.53795	3.12692	8.74755
-6.53795	3.12692	8.74755
-7.49433	3.97771	7.54626
-7.23005	2.52864	5.9543
-5.2844	2.57006	6.66802
-3.76727	2.48947	7.02135
-5.09934	-0.000209068	5.59371
-5.09934	-0.000209068	5.59371
-3.79548	-2.62164	6.5609
-3.79548	-2.62164	6.5609
-2.56577	-3.74001	4.35983
-2.56577	-3.74001	4.35983
-2.56577	-3.74001	4.35983
-0.197839	-5.84388	1.8729
-0.0840899	-4.14566	2.7727
-0.0840899	-4.14566	2.7727
-0.0840899	-4.14566	2.7727
-1.51813	-3.34757	3.78037
0.286554	-4.52976	4.59008
0.286554	-4.52976	4.59008
1.06204	-2.76241	1.90499
0.0848092	-2.26705	1.56592
-0.551035	-2.88039	-0.29745
-0.0330788	-1.67106	0.462635
-1.31977	1.16665	2.93418
-0.361027	0.819185	3.31025
1.75822	1.78292	1.75499
1.75822	1.78292	1.75499
1.75822	1.78292	1.75499
1.75822	1.78292	1.75499
1.75822	1.78292	1.75499
0.589287	2.15223	2.34841
0.589287	2.15223	2.34841
1.15146	0.148195	2.34745
-0.512991	-0.322317	3.82613
-0.512991	-0.322317	3.82613
-0.512991	-0.322317	3.82613
-0.512991	-0.322317	3.82613
1.10488	-2.50737	1.40115
1.10488	-2.50737	1.40115
2.13258	-1.87986	3.62924
2.18142	-1.08869	5.77294
2.52454	1.82976	8.3456
2.52454	1.82976	8.3456
3.6388	4.59624	8.36956
3.6388	4.59624	8.36956
3.92815	3.479	6.90362
3.92815	3.479	6.90362
2.81574	3.64434	7.7349
2.81574	3.64434	7.7349
0.00607449	4.08132	6.62519
0.00607449	4.08132	6.62519
0.030337	1.56931	8.18831
1.55399	1.44302	7.42839
1.55399	1.44302	7.42839
2.5157	-1.32894	6.55899
2.5157	-1.32894	6.55899
2.5157	-1.32894	6.55899
3.54732	0.0969118	4.16344
3.54732	0.0969118	4.16344
3.54732	0.0969118	4.16344
3.54732	0.0969118	4.16344
0.993335	-2.13428	4.55915
0.993335	-2.13428	4.55915
0.993335	-2.13428	4.55915
0.993335	-2.13428	4.55915
2.5835	0.679318	2.85374
-0.103427	2.30257	3.71246
1.41355	1.36496	3.00711
1.41355	1.36496	3.00711
1.41355	1.36496	3.00711
1.41355	1.36496	3.00711
1.47198	-0.442976	4.85009
2.54639	1.11399	1.97657
1.68275	0.205738	2.21128
1.68275	0.205738	2.21128
1.68275	0.205738	2.21128
1.16761	-2.00001	4.0792
1.16761	-2.00001	4.0792
1.11743	-1.05593	3.36802
-0.0859162	0.754582	5.6075
-0.0859162	0.754582	5.6075
1.89585	-0.533533	4.17943
1.43996	1.8621	3.8692
0.648222	1.80221	5.12375
0.356418	2.59708	2.2237
0.356418	2.59708	2.2237
0.356418	2.59708	2.2237
0.356418	2.59708	2.2237
-2.38196	-0.00376548	3.1997
-1.89313	-1.0991	2.59543
-1.89313	-1.0991	2.59543
-1.89313	-1.0991	2.59543
-1.89313	-1.0991	2.59543
-1.89313	-1.0991	2.59543
0.239253	0.882795	2.63144
2.58165	0.215162	4.93334
2.58165	0.215162	4.93334
4.17772	3.13578	4.63109
4.17772	3.13578	4.63109
2.19386	1.20603	6.15157
2.19386	1.20603	6.15157
5.16055	-1.43081	6.32084
5.16055	-1.43081	6.32084
5.16055	-1.43081	6.32084
5.62404	-2.35471	3.79575
3.48308	-0.661808	2.01807
2.13524	-2.93904	3.26072
0.146748	-1.65381	3.54119
0.146748	-1.65381	3.54119
0.146748	-1.65381	3.54119
0.146748	-1.65381	3.54119
0.146748	-1.65381	3.54119
-1.60669	-0.221333	1.12647
-1.60669	-0.221333	1.12647
-2.06448	2.32923	1.69991
0.7771	2.19246	3.74582
0.7771	2.19246	3.74582
0.7771	2.19246	3.74582
1.85659	1.39883	2.92212
1.39201	-1.4572	0.949963
-0.9621	-0.279784	0.725419
-0.9621	-0.279784	0.725419
-1.00417	1.76622	2.18232
-1.00417	1.76622	2.18232
-1.00417	1.76622	2.18232
0.485259	-1.00419	1.5585
0.485259	-1.00419	1.5585
0.485259	-1.00419	1.5585
-0.356922	-0.652169	2.72504
-0.356922	-0.652169	2.72504
-0.356922	-0.652169	2.72504
-0.356922	-0.652169	2.72504
-2.76167	-1.8251	5.50248
-2.73067	-1.20484	4.42559
-2.73067	-1.20484	4.42559
-0.391641	-3.44694	3.31689
-0.187979	-1.87622	3.90503
-0.187979	-1.87622	3.90503
1.499	-2.41998	2.56268
1.499	-2.41998	2.56268
3.46395	-1.98804	3.19377
3.46395	-1.98804	3.19377
3.46395	-1.98804	3.19377
